-0.000000000000000000e+00 1.088945764444778763e-03 4.342389670104603028e-02
1.925435620633532128e-05 2.325333142915792656e-02 1.512704450823855462e-01
1.288596473170437046e-02 1.022254002358031350e-01 3.483327538587238648e-01
6.775803249064403511e-02 2.706369302785901487e-01 6.879649341527787065e-01
2.034267169604391245e-01 5.497793262544544701e-01 1.203540517815479660e+00
4.341137374406852656e-01 9.946227707216027669e-01 2.024138897584741859e+00
8.272638348060805669e-01 1.692671812717362556e+00 3.355818007874447062e+00
1.406208505842504675e+00 2.814330681408031776e+00 5.839721915789511719e+00
2.348701813894663371e+00 4.738775650433508346e+00 1.080127232637567580e+01
3.933086750179636493e+00 9.187596342211795886e+00 1.378745376967198588e+01
