0.000000000000000000e+00 0.000000000000000000e+00 0.000000000000000000e+00 -4.900255940001506600e-04 -1.954075351547072265e-02
0.000000000000000000e+00 0.000000000000000000e+00 -8.664460292850898135e-06 -1.046399914312107042e-02 -6.808036474736636756e-02
0.000000000000000000e+00 0.000000000000000000e+00 -5.798684129266968787e-03 -4.600143010611142808e-02 -1.625484233656927513e-01
0.000000000000000000e+00 -1.976463302740790254e-03 -3.049111462078982898e-02 -1.237630819281064082e-01 -3.400753349895404010e-01
-4.234799879611530885e-04 -1.738400181890419408e-02 -9.196550262015878996e-02 -2.647846986334088104e-01 -6.335587356371248369e-01
-1.041801760819485549e-02 -6.447411574225994646e-02 -2.057691994565032934e-01 -5.120543625669813359e-01 -1.116631703369637574e+00
-4.215442987445963685e-02 -1.582813889583789824e-01 -4.144231555371959974e-01 -9.199837046811923935e-01 -1.924541259080697841e+00
-1.204100090549030111e-01 -3.248371176772946733e-01 -7.532038366840304588e-01 -1.591285924310909428e+00 -3.381078698789311776e+00
-2.581539324750617981e-01 -6.172526909558648800e-01 -1.315069748727660581e+00 -2.749701733650944835e+00 -6.175642295596716735e+00
-4.943031312166841218e-01 -1.092349710695938558e+00 -2.264192168797521276e+00 -5.226768064691247773e+00 -8.468546365149917321e+00
