-6.280819816566177508e-03 -1.011927354004374738e-02 -1.604549390781051868e-02 -2.542883101905402815e-02 -3.892579158954474067e-02 -5.998583735478981577e-02 -9.344831615224449828e-02 -1.415051236871114060e-01 -2.154714420968136812e-01 -3.342028594464525604e-01
-6.504823298325104058e-03 -1.060360796436537675e-02 -1.670587839824976689e-02 -2.631730694910716303e-02 -4.078948943724243492e-02 -6.288213631945342719e-02 -9.582541228057098182e-02 -1.479689520379170176e-01 -2.267863229387513946e-01 -3.463492737134401533e-01
-7.129373188900141670e-03 -1.126004253882538671e-02 -1.766185065270912957e-02 -2.782024070272079430e-02 -4.301624799890996220e-02 -6.517824205938507753e-02 -1.010036456303244068e-01 -1.524005811258724585e-01 -2.384051571080871290e-01 -3.602601188340974203e-01
-7.165155529268080192e-03 -1.139244452818430516e-02 -1.808896467643287057e-02 -2.845980013688420573e-02 -4.600903302926537264e-02 -6.734800379199906706e-02 -1.039412698876622382e-01 -1.613666104640832932e-01 -2.467318670516842616e-01 -3.792922338661514070e-01
-7.352669460352924229e-03 -1.179358897108205226e-02 -1.887337118048777740e-02 -2.880603434095483500e-02 -4.604587679695395369e-02 -7.186177183782424538e-02 -1.065738675465356528e-01 -1.675391842263836140e-01 -2.556941505361410849e-01 -3.941542578703640665e-01
-7.802952507762118961e-03 -1.256032048304216858e-02 -1.967400058241806915e-02 -3.162956429458316232e-02 -4.618522585463952224e-02 -7.309657899831961680e-02 -1.146119024926081920e-01 -1.741896191235384472e-01 -2.627980979624315871e-01 -4.103922149818142184e-01
-8.292183823542522217e-03 -1.324777784392831489e-02 -2.091752047680522919e-02 -3.240021554548907362e-02 -5.041853991329030282e-02 -7.657250772699200625e-02 -1.175761917382684152e-01 -1.779012880807235852e-01 -2.826040308815765401e-01 -4.238076457333755376e-01
-8.842108245723290239e-03 -1.401319503815268153e-02 -2.189287554065423580e-02 -3.393461149212042421e-02 -5.254040329008813348e-02 -8.061546331963143075e-02 -1.222776541946789530e-01 -1.918161106956560169e-01 -2.903798219516286472e-01 -4.442870379142503934e-01
-9.070477701189258099e-03 -1.429228106091269025e-02 -2.250563131933611474e-02 -3.519203156880169880e-02 -5.292608611621500009e-02 -8.382468430037520735e-02 -1.296373109505894738e-01 -1.968914779412214155e-01 -3.031290061034584982e-01 -4.679853628907240104e-01
-9.219143673531030383e-03 -1.510930996734543945e-02 -2.295822822066539287e-02 -3.619846151331698736e-02 -5.740628440283115919e-02 -8.775937924164392556e-02 -1.322744334496446239e-01 -2.015743874454469509e-01 -3.135753843282076958e-01 -4.837794879878889454e-01
-9.815817942128518547e-03 -1.549545494748751084e-02 -2.495548102508519245e-02 -3.823710123586171461e-02 -5.967505369072925725e-02 -8.993162348384944882e-02 -1.403730381995108023e-01 -2.108460190474393814e-01 -3.253582719962837544e-01 -5.095383091100009754e-01
-1.043180155503910939e-02 -1.669561380255740746e-02 -2.572340792472252446e-02 -3.995743037164294076e-02 -6.261531179501236832e-02 -9.468703869863881462e-02 -1.448918160810470090e-01 -2.193197624460259676e-01 -3.409428115981669172e-01 -5.285307234016555222e-01
-1.103474671104085966e-02 -1.723138072351732344e-02 -2.637131849575334239e-02 -4.159252393654876145e-02 -6.359160320625427409e-02 -1.005395884046988708e-01 -1.507932898045970527e-01 -2.343758382745433910e-01 -3.560034371290192734e-01 -5.440395565052341675e-01
-1.131353118272891353e-02 -1.800886946128849725e-02 -2.818657933134861154e-02 -4.581167793420016371e-02 -6.673781337515061196e-02 -1.024278483383742888e-01 -1.567928831016186797e-01 -2.413709316218521361e-01 -3.809556515976970092e-01 -5.751150082705518418e-01
-1.179199267115961861e-02 -1.854751368020750649e-02 -2.849333427974056615e-02 -4.602998414647019310e-02 -7.034531458832002371e-02 -1.063724991071991754e-01 -1.618091299605302624e-01 -2.525927427745082166e-01 -3.879647694870804187e-01 -5.975957989471054610e-01
-1.225382469124624771e-02 -1.927426368520338690e-02 -3.053680291616931580e-02 -4.608899986860558184e-02 -7.281692359261442149e-02 -1.127359034637465396e-01 -1.688040377798718517e-01 -2.593176224048308609e-01 -3.954852983149322876e-01 -6.236272251695477165e-01
-1.290621104361585475e-02 -2.029485287774474706e-02 -3.188579866875763946e-02 -4.859247134332417284e-02 -7.536931596033091818e-02 -1.156293111328820095e-01 -1.756963024002997087e-01 -2.693085146224354354e-01 -4.231060067431622884e-01 -6.507464493146930540e-01
-1.379616592548922431e-02 -2.141824538938974509e-02 -3.337605194809303844e-02 -5.171052728372852597e-02 -7.919432632350197065e-02 -1.188308260337667677e-01 -1.850385770005416874e-01 -2.833192245698316070e-01 -4.394912578695584493e-01 -6.801471420694218395e-01
-1.401641719583148794e-02 -2.217311796242515606e-02 -3.447330491108908934e-02 -5.286079598745362096e-02 -8.252916818214853234e-02 -1.278395518755580107e-01 -1.952304281247395079e-01 -3.016414008501294153e-01 -4.521970117001655742e-01 -7.060791218975999151e-01
-1.461151229909574134e-02 -2.290882779835962807e-02 -3.523613796286449718e-02 -5.619812701159298401e-02 -8.572062670448582500e-02 -1.306129203975937014e-01 -1.991842231910965766e-01 -3.069601149764711323e-01 -4.772319359789387594e-01 -7.382396087881268887e-01
-1.510930996734543945e-02 -2.399650112954315392e-02 -3.720551872486299594e-02 -5.848425167136439562e-02 -8.874662746586894913e-02 -1.352119158869810600e-01 -2.089076839690572895e-01 -3.215344979938674630e-01 -4.944139035213536149e-01 -7.723618578250454059e-01
-1.634582812340639596e-02 -2.542883101905402815e-02 -3.981051223916165505e-02 -5.998583735478981577e-02 -9.393594955663722712e-02 -1.428308120944641602e-01 -2.155756953039829615e-01 -3.347383659623431873e-01 -5.196867027534356476e-01 -8.000476806817622411e-01
-1.681089734272132874e-02 -2.637131849575334239e-02 -4.081913777624322781e-02 -6.293332562944620179e-02 -9.582541228057098182e-02 -1.479842630171220863e-01 -2.268296221466669649e-01 -3.519986189629095708e-01 -5.364794687916905058e-01 -8.346510527246978617e-01
-1.766185065270912957e-02 -2.818657933134861154e-02 -4.580630777962566014e-02 -6.546176806546019633e-02 -1.014522171006131401e-01 -1.528321918880631847e-01 -2.389124003657852879e-01 -3.648673812773914893e-01 -5.664589311664258720e-01 -8.731340033645911269e-01
-1.808896467643287057e-02 -2.846934595878925986e-02 -4.600903302926537264e-02 -6.746552871142859342e-02 -1.062313932150507345e-01 -1.613666104640832932e-01 -2.481602327226796745e-01 -3.804060800356134919e-01 -5.885244582163401406e-01 -9.098382031237678413e-01
-1.926531706360475049e-02 -2.930254116585892174e-02 -4.608899986860558184e-02 -7.186177183782424538e-02 -1.065738675465356528e-01 -1.675647904906203689e-01 -2.557009765495730780e-01 -3.948202815849634062e-01 -6.078754785854026954e-01 -9.519405494640446053e-01
-1.967400058241806915e-02 -3.162956429458316232e-02 -4.810449369384308532e-02 -7.376854690657574931e-02 -1.154650830511101400e-01 -1.741915723547886041e-01 -2.632025167893521367e-01 -4.112329717244959104e-01 -6.391402334817397612e-01 -9.929375401399231915e-01
-2.108188711218830780e-02 -3.280823919760131324e-02 -5.106408129439408972e-02 -7.712944659975112804e-02 -1.179182248080045958e-01 -1.820235915645425084e-01 -2.783586172346408927e-01 -4.316759322243378105e-01 -6.637035114492808585e-01 -1.039120874247680515e+00
-2.189287554065423580e-02 -3.393461149212042421e-02 -5.268752476338001145e-02 -8.061546331963143075e-02 -1.226255459830761785e-01 -1.918747114566249634e-01 -2.883616057135830468e-01 -4.445362216963720248e-01 -6.926773106356806098e-01 -1.082318691624772233e+00
-2.252915552004238278e-02 -3.294048497760529437e-02 -5.317361530824857296e-02 -8.382468430037520735e-02 -1.297219660500157912e-01 -1.975651136665632635e-01 -3.049628806308843920e-01 -4.690835734922120248e-01 -7.248801340783522784e-01 -1.132513143224005647e+00
-2.320826175050405907e-02 -3.639009384369154554e-02 -5.740628440283115919e-02 -8.775937924164392556e-02 -1.322744334496446239e-01 -2.018978622138827561e-01 -3.159937161565360975e-01 -4.842465842745434790e-01 -7.520837823283152979e-01 -1.180108979174236072e+00
-2.496950832764337214e-02 -3.688299580856606308e-02 -5.967505369072925725e-02 -8.993162348384944882e-02 -1.412298187071685807e-01 -2.148361747025273605e-01 -3.253588507257017537e-01 -5.109915947309013884e-01 -7.874370428253821830e-01 -1.230106835722480918e+00
-2.577100789357774854e-02 -3.995743037164294076e-02 -6.163195260488511795e-02 -9.468703869863881462e-02 -1.448918160810470090e-01 -2.207676349605177668e-01 -3.461161555073528628e-01 -5.299205894098072411e-01 -8.243248657694991488e-01 -1.282867946277073123e+00
-2.743405439986373179e-02 -4.213948323598278034e-02 -6.442911059863073997e-02 -1.006225520012185293e-01 -1.507932898045970527e-01 -2.351783146013268766e-01 -3.568002345334963521e-01 -5.498375217861601882e-01 -8.561670066968842807e-01 -1.341195982304075995e+00
-2.818657933134861154e-02 -4.594178462980998828e-02 -6.693472337237019176e-02 -1.034996739341237509e-01 -1.567928831016186797e-01 -2.474958647223076402e-01 -3.719633786876566095e-01 -5.729336800400746110e-01 -8.939967058241886644e-01 -1.404004182067322803e+00
-2.849333427974056615e-02 -4.602998414647019310e-02 -7.069288567764908660e-02 -1.063724991071991754e-01 -1.645762779520487662e-01 -2.525927427745082166e-01 -3.888021952455959496e-01 -5.991943604091758413e-01 -9.310338667000005453e-01 -1.465961123300679514e+00
-3.053680291616931580e-02 -4.614103818763545112e-02 -7.309657899831961680e-02 -1.127359034637465396e-01 -1.688578063399729379e-01 -2.657485700364880521e-01 -3.954852983149322876e-01 -6.235750375995816608e-01 -9.709030231956902179e-01 -1.525393072448539389e+00
-3.188579866875763946e-02 -4.859247134332417284e-02 -7.536931596033091818e-02 -1.171365503825608778e-01 -1.756963024002997087e-01 -2.700795328857208411e-01 -4.242186809003334891e-01 -6.543903313790591092e-01 -1.006382284326248877e+00 -1.600137773319702195e+00
-3.337605194809303844e-02 -5.195784142968321029e-02 -7.919432632350197065e-02 -1.192103420583378731e-01 -1.856161699000017928e-01 -2.839239657141718887e-01 -4.401180396608268541e-01 -6.819585702733287347e-01 -1.058619450093234882e+00 -1.674077496822043987e+00
-3.447330491108908934e-02 -5.292608611621500009e-02 -8.252916818214853234e-02 -1.278395518755580107e-01 -1.952304281247395079e-01 -2.988323973261252653e-01 -4.559322780166320532e-01 -7.082503719078554472e-01 -1.109656970862239245e+00 -1.744477777427206444e+00
-3.619846151331698736e-02 -5.619812701159298401e-02 -8.572062670448582500e-02 -1.309303938387194055e-01 -1.993389765312094664e-01 -3.090468790388509746e-01 -4.785597928363353737e-01 -7.451891047979072313e-01 -1.153681745129172986e+00 -1.820069785985614086e+00
-3.777690169557982452e-02 -5.947847190871714818e-02 -8.925640290390476905e-02 -1.352119158869810600e-01 -2.090444382733301354e-01 -3.245785171354662046e-01 -4.966559523667558040e-01 -7.749322314746714957e-01 -1.206882672355789277e+00 -1.915406370402648717e+00
-3.994331200089409895e-02 -6.007337996101407007e-02 -9.393594955663722712e-02 -1.428981622650645211e-01 -2.158348986375328293e-01 -3.342073493121311412e-01 -5.178548988985207657e-01 -8.059159582899847463e-01 -1.258579342588011629e+00 -2.004033190596191005e+00
-4.081913777624322781e-02 -6.293332562944620179e-02 -9.753866762509159904e-02 -1.507558818997490890e-01 -2.285297972994599913e-01 -3.503278891926493444e-01 -5.381472729649950937e-01 -8.386815891617124263e-01 -1.313166371977547486e+00 -2.097159316497134274e+00
-4.580630777962566014e-02 -6.546176806546019633e-02 -1.014522171006131401e-01 -1.530002938851545147e-01 -2.391167991477055610e-01 -3.650177501276073988e-01 -5.650565093885594470e-01 -8.771220424165435681e-01 -1.374094118013177601e+00 -2.197358265973600400e+00
-4.602661686886928838e-02 -6.893250849894221044e-02 -1.062313932150507345e-01 -1.613666104640832932e-01 -2.490598000442471038e-01 -3.817412915331569456e-01 -5.883761631068072928e-01 -9.153455465943922675e-01 -1.438201686462504902e+00 -2.305888020946873063e+00
-4.608899986860558184e-02 -7.186177183782424538e-02 -1.078340642471817129e-01 -1.677865608447326462e-01 -2.557079850369484153e-01 -3.955884312103913891e-01 -6.110618926858467637e-01 -9.552119887629855199e-01 -1.502954049269344061e+00 -2.412582268914670980e+00
-4.810449369384308532e-02 -7.376854690657574931e-02 -1.156293111328820095e-01 -1.685062629154123748e-01 -2.635222211797442760e-01 -4.114255800089636761e-01 -6.400444530903841578e-01 -9.947644929483505649e-01 -1.562556955085350197e+00 -2.529954923496438024e+00
-5.106408129439408972e-02 -7.731240518779876336e-02 -1.186745307896594770e-01 -1.820235915645425084e-01 -2.794555613543003858e-01 -4.317003802246653366e-01 -6.671499408121045471e-01 -1.041185884283704510e+00 -1.639306727143535980e+00 -2.635786040727563950e+00
-5.268752476338001145e-02 -8.101788512050681068e-02 -1.244397400025280126e-01 -1.921645584353141312e-01 -2.948719929765123426e-01 -4.457251907279232706e-01 -6.957528697796506734e-01 -1.084567558459966774e+00 -1.718075046229177172e+00 -2.786890131782666646e+00
-5.324526834439126388e-02 -8.471059166177544175e-02 -1.297219660500157912e-01 -1.976829534849375847e-01 -3.009202491237558674e-01 -4.716461981794329850e-01 -7.272987582643907212e-01 -1.137608449183924231e+00 -1.793771396999241485e+00 -2.922373387153254232e+00
-5.740628440283115919e-02 -8.775937924164392556e-02 -1.322744334496446239e-01 -2.042738312137224455e-01 -3.171226339644616643e-01 -4.856185834812644098e-01 -7.557595919989926747e-01 -1.185079347917024517e+00 -1.877807723766852455e+00 -3.072228984629885584e+00
-5.967505369072925725e-02 -9.069702761577788652e-02 -1.436710483853432530e-01 -2.152667607117526027e-01 -3.253588507257017537e-01 -5.130577594035186095e-01 -7.954997499249156778e-01 -1.237142772312142425e+00 -1.963705965469954240e+00 -3.235576770381786371e+00
-6.165232268571008839e-02 -9.545454244547527112e-02 -1.450333269246079082e-01 -2.224887181454172358e-01 -3.433805063459341445e-01 -5.318336273914493484e-01 -8.216329378692758256e-01 -1.288081643767926332e+00 -2.073797435319192140e+00 -3.397334586527284372e+00
-6.475140629972024608e-02 -1.010036456303244068e-01 -1.507932898045970527e-01 -2.360345529593897429e-01 -3.579487588085145666e-01 -5.522508785716673252e-01 -8.604614880732601723e-01 -1.346719207286141584e+00 -2.152279282807102678e+00 -3.584656968420237177e+00
-6.693472337237019176e-02 -1.035009591398135254e-01 -1.574976125737438948e-01 -2.474958647223076402e-01 -3.723601790347509377e-01 -5.763097428088654883e-01 -9.001146085960436416e-01 -1.412473185737871173e+00 -2.256179849681092087e+00 -3.782458690774676668e+00
-7.080966599415172702e-02 -1.063724991071991754e-01 -1.650735715115394520e-01 -2.525927427745082166e-01 -3.908151623868932889e-01 -6.030452007468694031e-01 -9.365891259168072080e-01 -1.471956731289110420e+00 -2.364195337472915881e+00 -3.998770643892288756e+00
-7.309657899831961680e-02 -1.127359034637465396e-01 -1.713080243652246037e-01 -2.657485700364880521e-01 -4.060893359310761008e-01 -6.264629838101181125e-01 -9.759333813614254893e-01 -1.537462705617792302e+00 -2.477143886456308230e+00 -4.232609057537014330e+00
-7.550529499523493671e-02 -1.174168875652364108e-01 -1.759214466261438126e-01 -2.826040308815765401e-01 -4.292402372973438962e-01 -6.578108273302609721e-01 -1.018792154780121528e+00 -1.607578379122394541e+00 -2.599348331094197828e+00 -4.490732203666508937e+00
-7.919432632350197065e-02 -1.192103420583378731e-01 -1.887333291913226851e-01 -2.900493357668666450e-01 -4.412037027581477977e-01 -6.834597218356714965e-01 -1.066956535846883547e+00 -1.680457224403260286e+00 -2.723057752223406958e+00 -4.790059065511244718e+00
-8.368008276561822445e-02 -1.296373109505894738e-01 -1.957418774147974827e-01 -2.995066152523532255e-01 -4.572796192465375942e-01 -7.102144683001744285e-01 -1.109004080485309629e+00 -1.747328903851025350e+00 -2.860964480123602716e+00 -5.183166711505078794e+00
-8.710127732170766524e-02 -1.309303938387194055e-01 -1.995789644273995300e-01 -3.118522830186695738e-01 -4.807469986778720727e-01 -7.400699322673920388e-01 -1.158912151256402012e+00 -1.842008984809435201e+00 -3.005908815145835522e+00 -5.640564869439030460e+00
-8.939287479108062873e-02 -1.375173425715661701e-01 -2.106216031472347150e-01 -3.251587275092500118e-01 -4.979744648594758294e-01 -7.795294977537843284e-01 -1.212469319603301621e+00 -1.926331704122061561e+00 -3.157761095448492927e+00 -6.115586182926449510e+00
-9.453546560920214614e-02 -1.446974901397775626e-01 -2.158348986375328293e-01 -3.369778795389937187e-01 -5.224768953876302024e-01 -8.103441149077375005e-01 -1.265585611094266261e+00 -2.013829394126060990e+00 -3.307301968109194412e+00 -6.598608162601663274e+00
-9.787156963531717935e-02 -1.507932898045970527e-01 -2.313226816912725137e-01 -3.519009495280154276e-01 -5.392256585825769832e-01 -8.436052942609018057e-01 -1.317986558266310837e+00 -2.109048777566049360e+00 -3.500844874883604074e+00 -7.102763275077879968e+00
-1.014522171006131401e-01 -1.567290735762711384e-01 -2.407124508734695412e-01 -3.676054892204303481e-01 -5.672921975720066623e-01 -8.811191083312439609e-01 -1.378763145535552237e+00 -2.207223973020493890e+00 -3.687518541974487363e+00 -7.631164407867284893e+00
-1.062313932150507345e-01 -1.613666104640832932e-01 -2.511479567399874657e-01 -3.842712715088518749e-01 -5.915197230766404690e-01 -9.206004947254480264e-01 -1.444880981802067366e+00 -2.309581859524142633e+00 -3.898425300417731609e+00 -8.132332266834412238e+00
-1.087419421564822242e-01 -1.680298378258650027e-01 -2.558423885022157451e-01 -3.957519963592575074e-01 -6.137964562838995608e-01 -9.589933316199533708e-01 -1.510458158171003706e+00 -2.422420418999655212e+00 -4.121915610400315622e+00 -8.661718444694050945e+00
-1.156293111328820095e-01 -1.691304229951541283e-01 -2.679608890511036012e-01 -4.164364661836160719e-01 -6.418907987211197597e-01 -1.000153312528814009e+00 -1.574994532896545785e+00 -2.540715529163157349e+00 -4.369034487724803739e+00 -8.995225047865620382e+00
-1.187723372243480180e-01 -1.827836779588958294e-01 -2.795739568000159547e-01 -4.347106283468836208e-01 -6.703575575579516777e-01 -1.044537030003547917e+00 -1.647759643503291960e+00 -2.667495426603287534e+00 -4.651945488111744353e+00 -9.711272664414229538e+00
-1.244397400025280126e-01 -1.945961446038527165e-01 -2.918909440491015972e-01 -4.472955312922050619e-01 -7.042507938297959402e-01 -1.089198057430014188e+00 -1.725793223062423332e+00 -2.797473741933583113e+00 -4.981739202885326456e+00 -1.022525654485750657e+01
-1.297444919343476721e-01 -1.978660292538649279e-01 -3.063105037012582854e-01 -4.729084521874822311e-01 -7.301445802508185201e-01 -1.139330360182389867e+00 -1.802978519083718201e+00 -2.940177004563417018e+00 -5.431128212966443769e+00 -1.076515452670264494e+01
-1.324859417044292331e-01 -2.067499837323117928e-01 -3.190457119799799957e-01 -4.939406668364479391e-01 -7.595224163762512859e-01 -1.188328029367518246e+00 -1.882846361493272003e+00 -3.089684482958605205e+00 -5.914502727244511426e+00 -1.124722806997594660e+01
-1.414368139238891819e-01 -2.152929820333675248e-01 -3.315819019519662403e-01 -5.136910812506582102e-01 -7.918087911480982122e-01 -1.244399066987670999e+00 -1.972486518159296764e+00 -3.248993952983741273e+00 -6.385836416096265289e+00 -1.166975366702799910e+01
-1.450342410495507883e-01 -2.265393373337212524e-01 -3.469675464441749346e-01 -5.330555540637089695e-01 -8.282839604115088683e-01 -1.295859429091023918e+00 -2.063706430483376764e+00 -3.423101256048594276e+00 -6.873643901001232237e+00 -1.241692447184240145e+01
-1.524005811258724585e-01 -2.364141690299916831e-01 -3.588682534510284072e-01 -5.570664002965731720e-01 -8.638614261878607703e-01 -1.371058979913203135e+00 -2.165134530234854360e+00 -3.600210422752490036e+00 -7.378512158922262643e+00 -1.290424429771652193e+01
-1.595294129587958021e-01 -2.415943399399982372e-01 -3.772668319083108956e-01 -5.758953999288598524e-01 -9.014454877119042475e-01 -1.416508438941600057e+00 -2.264060170313682896e+00 -3.802875347789690164e+00 -7.857366609633901433e+00 -1.340948208974485212e+01
-1.675391842263836140e-01 -2.551219264804779896e-01 -3.938822687403787937e-01 -6.030089432788570125e-01 -9.421423966500581670e-01 -1.475786059131883654e+00 -2.375234001424912922e+00 -4.014727022979029947e+00 -8.416299383363732289e+00 -1.400662894137570902e+01
-1.741869441349769843e-01 -2.657485700364880521e-01 -4.062705774329985475e-01 -6.294280153703354364e-01 -9.784127652885481474e-01 -1.546054215089954331e+00 -2.489173570514159994e+00 -4.254198906832926674e+00 -8.930288116988363001e+00 -1.449388343447653149e+01
-1.763029663316111884e-01 -2.826040308815765401e-01 -4.300720980643726876e-01 -6.590286498207305055e-01 -1.019101538835434528e+00 -1.617614186080608585e+00 -2.603040193771001043e+00 -4.514019824714724294e+00 -9.480637001988082346e+00 -1.520301455053354545e+01
-1.918102838768861451e-01 -2.901945741786599586e-01 -4.429735403754422318e-01 -6.892603086204440732e-01 -1.072864610870291280e+00 -1.687272310948125797e+00 -2.736397479814192568e+00 -4.823053428428471179e+00 -9.987075474989119073e+00 -1.553095710879473401e+01
-1.957418774147974827e-01 -3.012832366996398004e-01 -4.641806284700008556e-01 -7.141900961559607408e-01 -1.114843336670484852e+00 -1.764661399743994163e+00 -2.871294388251252716e+00 -5.224139188520328325e+00 -1.053056385977222575e+01 -1.605980675328531859e+01
-2.014748348631166808e-01 -3.122681578647756306e-01 -4.804742164601093490e-01 -7.457848175984449490e-01 -1.164711686838923788e+00 -1.849591402494529468e+00 -3.021012996269478279e+00 -5.686007467195838494e+00 -1.106167763664658565e+01 -1.656615315387501752e+01
-2.106787763020550042e-01 -3.253582719962837544e-01 -5.030228849785045586e-01 -7.822093037097074264e-01 -1.219296788810792620e+00 -1.935294512300386627e+00 -3.168557434332043066e+00 -6.152309188870596302e+00 -1.159919238290662413e+01 -1.707782604019148565e+01
-2.185814942224202362e-01 -3.396295080091121799e-01 -5.251772510608649913e-01 -8.140847143299821953e-01 -1.272321762530165712e+00 -2.023495965029266319e+00 -3.341000844410976445e+00 -6.658452233729361680e+00 -1.212862427267530485e+01 -1.757507689406312323e+01
-2.319269704970261248e-01 -3.532265038792548606e-01 -5.436574784593164456e-01 -8.497229066002663922e-01 -1.329126681756605199e+00 -2.118669086727553719e+00 -3.533586773215286136e+00 -7.161048258274975709e+00 -1.265409191541513501e+01 -1.809924863984433330e+01
-2.407539182344448636e-01 -3.686430813100494142e-01 -5.660262729338162435e-01 -8.849955776925080286e-01 -1.387668988085404287e+00 -2.215585007121184002e+00 -3.710819175593055075e+00 -7.664786016375234823e+00 -1.318058700403973305e+01 -1.863861625136527778e+01
-2.524959320268184704e-01 -3.866203652940586322e-01 -5.931593649931666823e-01 -9.207082313558722086e-01 -1.451290735707118529e+00 -2.325211986575900891e+00 -3.916417980222873130e+00 -8.197759711630190793e+00 -1.369357641208816290e+01 -1.914536070381907962e+01
-2.563024964551791074e-01 -3.965271114423035703e-01 -6.160362692022847142e-01 -9.633838873040703188e-01 -1.516164698265447974e+00 -2.437445315655305311e+00 -4.142486257998301724e+00 -8.700683880256329772e+00 -1.424878810783001448e+01 -1.964975664103619835e+01
-2.679678542824496801e-01 -4.177203924132318891e-01 -6.499554465527758174e-01 -1.005337097344175756e+00 -1.586462840324911028e+00 -2.554115063680336029e+00 -4.394145950861314098e+00 -9.233583985989303855e+00 -1.472603985790230041e+01 -2.013531920025859989e+01
-2.801192137497901524e-01 -4.374453092886910199e-01 -6.720880109006477365e-01 -1.048682780946477155e+00 -1.654593704214372130e+00 -2.678374802844738944e+00 -4.678886785727470965e+00 -9.750071060484831520e+00 -1.530880471939298815e+01 -2.064037919637162588e+01
-2.925761611607468060e-01 -4.523209075487240050e-01 -7.012141490337440164e-01 -1.095302220449089869e+00 -1.734614095597875494e+00 -2.811569527788040368e+00 -5.033362401631303662e+00 -1.029130541948957500e+01 -1.580885450549013704e+01 -2.099002600150583575e+01
-3.064689155697021827e-01 -4.751868051704427609e-01 -7.310793623545631670e-01 -1.145601480241646986e+00 -1.810610509148248282e+00 -2.952929662477594697e+00 -5.476397893893114599e+00 -1.081734495073425073e+01 -1.636129414683546557e+01 -2.161629611959149244e+01
-3.208720548694787289e-01 -4.940661703512804204e-01 -7.673874870410397619e-01 -1.187036036424720331e+00 -1.892341035514778946e+00 -3.104149874156786559e+00 -5.950530251153057115e+00 -1.132545464642555899e+01 -1.689045156635890521e+01 -2.208436893081649899e+01
-3.342028594464525604e-01 -5.153219424063181231e-01 -7.942007695997148620e-01 -1.249355452544503420e+00 -1.979026503185141506e+00 -3.265136181681828731e+00 -6.438420186843393900e+00 -1.188182447767998262e+01 -1.735403210822185116e+01 -2.258763959943604860e+01
-3.489360136335265539e-01 -5.338343153924453022e-01 -8.311519761135350848e-01 -1.298582269180853066e+00 -2.072003552741992660e+00 -3.438337456426420857e+00 -6.908776182531450871e+00 -1.240892465536160394e+01 -1.775189704947961289e+01 -2.300453071581962661e+01
-3.600916867501033347e-01 -5.602238165241096857e-01 -8.666166287537833135e-01 -1.359572260268801847e+00 -2.173039437055459100e+00 -3.623291674792165296e+00 -7.444003261585674380e+00 -1.290928948374531871e+01 -1.839656385424755669e+01 -2.355712211258073197e+01
-3.792786799285721155e-01 -5.877448447697860567e-01 -9.097928927739756810e-01 -1.421042402825205331e+00 -2.276993419954519204e+00 -3.819046740732022993e+00 -7.955098185975063352e+00 -1.346956096067372499e+01 -1.894283172594162323e+01 -2.403694807486084173e+01
-3.941266523716600023e-01 -6.034978237506758436e-01 -9.437572428691841653e-01 -1.481966813812545691e+00 -2.377888142425506945e+00 -4.041172749738954018e+00 -8.474999003711024770e+00 -1.400465720878566245e+01 -1.940615175274706772e+01 -2.464934659758789337e+01
-4.073258197744820119e-01 -6.294486757941182287e-01 -9.849586870724926779e-01 -1.551472879477785893e+00 -2.508648078936978720e+00 -4.288432008106489057e+00 -8.990513469105195554e+00 -1.450906170070156698e+01 -1.981419007991001990e+01 -2.507063017327755006e+01
