2.312685968978921494e-02 3.625947823976116702e-02 5.419017871989680740e-02 8.184554132147944805e-02 1.291322950169203898e-01 1.930719939449720424e-01 2.890021403950320811e-01 4.563893741668603177e-01
2.416039365771628991e-02 3.721665549017789260e-02 5.704013140814049448e-02 8.660091166660950635e-02 1.303482383131464861e-01 2.015214056489925687e-01 3.101705778746376430e-01 4.698481302841334140e-01
2.494534136165284938e-02 3.922152196712067745e-02 6.004988845152824800e-02 8.847947689736271326e-02 1.373385733375604434e-01 2.065792241048383937e-01 3.254246324473325513e-01 4.922989050984272197e-01
2.587217955907448672e-02 4.042268433639448211e-02 6.612647767776114183e-02 9.210364023579829806e-02 1.372079294014661721e-01 2.226756473812519788e-01 3.381882564411046177e-01 5.161396343733188896e-01
2.728587249505621051e-02 4.029263377075130437e-02 6.435593435478827173e-02 1.019741151241643218e-01 1.433557675647986751e-01 2.266043977623773131e-01 3.531796176069600390e-01 5.367199112620586465e-01
2.811564017681670441e-02 4.516399850101811275e-02 6.278974406578760603e-02 9.821135061411259692e-02 1.620631815109783158e-01 2.394308845070970693e-01 3.509673050601078148e-01 5.594272007169686090e-01
2.990211312614849543e-02 4.536103666159124054e-02 6.987083550746460425e-02 1.046185867456647656e-01 1.590575964275796339e-01 2.399892166272588334e-01 3.908554084973084874e-01 5.824097944404911242e-01
3.090971201431011450e-02 4.718230212781830690e-02 7.258624993286970362e-02 1.105599122230523090e-01 1.651671731950834221e-01 2.633699543116370112e-01 3.981367131085647992e-01 5.979574592019336610e-01
3.182010067455832286e-02 4.949940909763183433e-02 7.204844557155520857e-02 1.151825985747792908e-01 1.816844798708868169e-01 2.677897744125303237e-01 4.109013832567947611e-01 6.420644643540847074e-01
3.253993708531820878e-02 4.994799050361678483e-02 8.158750148407675762e-02 1.221179630407742411e-01 1.773193003740317630e-01 2.695618615353227998e-01 4.293969889229122816e-01 6.683805012847305882e-01
3.585709677542367468e-02 5.386179384088623373e-02 8.223056683968325842e-02 1.224343947978656089e-01 1.911268054155351170e-01 2.863762000190285817e-01 4.381229221502514481e-01 7.074291080429085943e-01
3.621696245451332813e-02 5.509377608467622839e-02 8.737556179805483492e-02 1.296227565639375134e-01 1.948654048879766565e-01 2.951827667701272806e-01 4.643313051721257856e-01 7.323417496317536912e-01
3.632345949010849090e-02 5.769744445191652554e-02 8.815330589329160860e-02 1.396114684771975478e-01 2.065303103644959282e-01 3.169805917969999443e-01 4.860240331367891575e-01 7.334140694937408833e-01
3.996248245725715631e-02 6.584875690952758653e-02 9.130555431426783108e-02 1.340909299046228464e-01 2.132883230363716021e-01 3.290757235661315172e-01 5.309118201222904343e-01 7.904464973258672478e-01
3.955580907295484783e-02 6.509006163062211470e-02 9.912311125716180560e-02 1.429164828017264466e-01 2.166248258815504368e-01 3.463111034225738183e-01 5.356317778260395457e-01 8.171125014614140092e-01
4.330179053271249884e-02 6.350858569753146943e-02 1.001371279178962376e-01 1.578479295674390104e-01 2.273379020224516600e-01 3.471672290709889586e-01 5.368766696883007228e-01 8.628385328638025209e-01
4.495165490165156652e-02 6.702067531321438676e-02 1.029872777958313890e-01 1.587714626594789735e-01 2.376165468315048768e-01 3.639770608963105447e-01 5.859703523909899348e-01 9.034056347974516177e-01
4.637341426406162842e-02 7.174487817080232865e-02 1.085169656259684506e-01 1.589691286185115349e-01 2.506837516035149704e-01 3.895777860064690845e-01 6.026510862687234349e-01 9.398555940779762530e-01
4.845052353613639451e-02 7.268134269085683996e-02 1.138165182735617620e-01 1.775812639455102704e-01 2.669240367061363473e-01 4.116359580976688415e-01 6.086050663628508328e-01 9.578788130071663742e-01
4.884779762471544440e-02 7.884307708397368664e-02 1.195685259669978101e-01 1.762455632826331331e-01 2.687295706261831896e-01 4.176644082131305002e-01 6.585340566027836351e-01 1.021451432711815599e+00
5.233312600464680442e-02 8.168151444115551163e-02 1.220710470181719104e-01 1.817234152475130371e-01 2.845919759286038020e-01 4.412903260426254137e-01 6.761989410449119609e-01 1.067749010126473275e+00
5.557425185310452265e-02 8.184554132147944805e-02 1.281918252255999646e-01 1.962117822781759280e-01 2.880941346647660217e-01 4.545178907397132151e-01 7.202629123802821720e-01 1.102048376967044385e+00
5.686162207939393642e-02 8.659422742190407696e-02 1.302780185628814313e-01 2.014364306550217032e-01 3.102731286302271019e-01 4.831918956610752880e-01 7.333812157382131325e-01 1.143124185225287359e+00
6.665792477427595619e-02 8.828334173868528090e-02 1.317929431286544717e-01 2.069299511587964213e-01 3.255635919438285564e-01 5.021886064484087919e-01 7.757680992646744933e-01 1.203789368101261470e+00
6.612647767776114183e-02 9.235938020361940393e-02 1.426319057031757709e-01 2.223972988878662460e-01 3.361472514654367250e-01 5.187776910904658978e-01 8.061257972218268675e-01 1.253918186261417267e+00
6.352977506447561595e-02 1.007981779072862211e-01 1.432536339740448084e-01 2.266650441776748848e-01 3.531957844808779057e-01 5.382366894339699614e-01 8.340975048217011967e-01 1.319495371292559893e+00
6.733537842179604382e-02 9.980285355471922581e-02 1.595382379514218574e-01 2.378440076405039794e-01 3.499044483274150186e-01 5.614138406124643543e-01 8.903788026924964738e-01 1.377721346247063661e+00
7.101045990522417140e-02 1.049712806893021294e-01 1.583387609532879436e-01 2.484335012324004888e-01 3.799904031157173012e-01 5.912818594574095199e-01 9.126589599820413845e-01 1.438685389002652970e+00
7.293469552750836415e-02 1.105599122230523090e-01 1.656426818361223796e-01 2.635087455876161111e-01 3.925327730459370890e-01 5.984088400415057407e-01 9.575898274470725502e-01 1.510537428777789071e+00
7.257898370890934758e-02 1.205152089223497092e-01 1.812987254410275140e-01 2.693852274462347207e-01 4.150442713757411251e-01 6.430700364291677129e-01 9.945408634282127958e-01 1.571280559891089057e+00
8.099531680814309187e-02 1.216640969951502949e-01 1.773193003740317630e-01 2.703279859868812363e-01 4.351246169373742534e-01 6.687206575120908658e-01 1.032844893564739630e+00 1.648095145815060336e+00
8.219734428099283174e-02 1.256414865993553120e-01 1.931560224073561594e-01 2.958265686758159152e-01 4.360950758333677624e-01 7.014207316461485986e-01 1.094395718130821260e+00 1.703167676032687261e+00
8.493381642151738575e-02 1.296227565639375134e-01 1.971944134961727824e-01 2.986119385149762495e-01 4.765839617991451393e-01 7.322043658009482758e-01 1.132599576936661467e+00 1.783296371527733903e+00
8.761986994444811994e-02 1.385125312860845670e-01 2.045467402246569089e-01 3.186847008949932336e-01 4.879111848842348498e-01 7.452454907009204987e-01 1.182710776176444378e+00 1.874270038068746702e+00
9.177192009715631760e-02 1.363213167733746123e-01 2.128219572534831294e-01 3.410436097614878981e-01 5.096143316511421162e-01 7.707737731210264620e-01 1.236394722165469862e+00 1.968324873222428550e+00
9.994630594241485366e-02 1.429164828017264466e-01 2.223554027551570000e-01 3.463111034225738183e-01 5.310613830636640165e-01 8.208985680821070385e-01 1.284232906076220759e+00 2.052868648953559916e+00
1.007994696682506519e-01 1.577246809171050923e-01 2.268029068618103439e-01 3.623984208301770371e-01 5.367493230985875829e-01 8.474837389652211117e-01 1.362831453664952175e+00 2.135884819379108901e+00
1.029872777958313890e-01 1.623412398297710280e-01 2.376165468315048768e-01 3.622333796127470418e-01 5.886056332895532872e-01 9.102097859052742379e-01 1.378808534429798893e+00 2.239928151964679426e+00
1.085169656259684506e-01 1.592822383310240897e-01 2.520517347864467683e-01 3.901112139217119412e-01 6.027675862756378677e-01 9.427135371137919106e-01 1.464871761550439189e+00 2.349755352352218996e+00
1.138165182735617620e-01 1.774266294300228253e-01 2.669240367061363473e-01 4.049830550145011032e-01 6.174517497439556690e-01 9.696741503251498084e-01 1.548295325160647495e+00 2.454222802545829918e+00
1.172893386106629576e-01 1.769974740642466515e-01 2.690960916948715864e-01 4.218548333687323626e-01 6.613124596700346025e-01 1.032968429429343082e+00 1.598973044904087981e+00 2.545770034391936054e+00
1.219251344407695226e-01 1.793686831064144060e-01 2.837085048223230710e-01 4.484998450622013633e-01 6.811851649581129875e-01 1.066627218171801283e+00 1.682115915763499281e+00 2.701122960618891788e+00
1.278772994741283753e-01 1.961639580885404244e-01 2.887080372968577890e-01 4.531007061641048606e-01 7.153105269339183891e-01 1.117204600210705223e+00 1.754347366633003613e+00 2.837646076514697135e+00
1.343357285893776454e-01 2.080007911665067155e-01 3.102421492287670279e-01 4.726705435884476780e-01 7.333045476288984066e-01 1.156627184137253961e+00 1.835571550292885989e+00 2.980605143689154968e+00
1.317929431286544717e-01 2.073280874676969310e-01 3.260476943220607660e-01 5.021466068900196644e-01 7.719624716230745198e-01 1.212878587000111086e+00 1.916141704637252197e+00 3.126875266319343094e+00
1.425902597672717431e-01 2.189228730753340069e-01 3.382778056480964524e-01 5.219400341109635688e-01 8.036440177797472550e-01 1.263799551460819570e+00 2.012744660579282474e+00 3.293390070834820715e+00
1.462383103703117915e-01 2.271902897532039611e-01 3.502277071336576952e-01 5.395307456028756166e-01 8.416276760105482202e-01 1.325424215256143068e+00 2.112376160329334507e+00 3.451666452990831857e+00
1.599271991977236906e-01 2.243788010735602856e-01 3.502726816899367490e-01 5.753352246952526672e-01 8.917631808409886007e-01 1.381592162224862808e+00 2.184898031040707789e+00 3.635977335508625785e+00
1.601300119624705365e-01 2.480001782607087202e-01 3.807971776530966190e-01 5.913397626160800113e-01 9.182235302947987510e-01 1.443518299087197310e+00 2.302476599206020325e+00 3.776684581051243494e+00
1.699394571453504144e-01 2.632421210087539931e-01 4.036553359910152738e-01 6.005383396403897178e-01 9.494547082179586317e-01 1.513047713049575638e+00 2.421289365275192562e+00 4.031816621027444647e+00
1.811290208817421810e-01 2.675661201074890916e-01 4.054696178062262568e-01 6.488603163816991648e-01 1.009843837438344938e+00 1.577279015536951823e+00 2.525856249635171302e+00 4.227074853085252215e+00
1.773193003740317630e-01 2.759552809865015721e-01 4.377983696403558445e-01 6.663428343178621205e-01 1.038877005871257087e+00 1.656617599979430810e+00 2.657482417344929182e+00 4.469564929056772939e+00
1.989378821714540835e-01 2.950335783852030547e-01 4.303132160692698660e-01 7.052944705857611130e-01 1.113491603366558502e+00 1.714938188467792113e+00 2.766804194711931508e+00 4.733133153322837572e+00
1.974813258289684070e-01 3.008704161314412762e-01 4.697696354715618083e-01 7.326589955827070844e-01 1.132703127292124190e+00 1.791113722996918067e+00 2.965652757118220961e+00 4.995599074956371233e+00
2.037834083010238717e-01 3.198100436741019292e-01 4.906313739566464105e-01 7.489334027659201309e-01 1.190161727205975462e+00 1.881635515376385070e+00 3.059568461211730206e+00 5.300378907949171214e+00
2.144910533716744283e-01 3.410405658532753015e-01 5.088850258287005435e-01 7.787697112576363878e-01 1.249944701592534457e+00 1.980387101673959593e+00 3.211733465727744097e+00 5.613123564560851264e+00
2.232566183306549934e-01 3.463111034225738183e-01 5.346511362837323977e-01 8.300189794082233341e-01 1.292622545202426920e+00 2.057948361810569615e+00 3.381172606317096818e+00 5.984559266691734436e+00
2.326060548163537689e-01 3.623984208301770371e-01 5.560610010770163925e-01 8.543236115691232868e-01 1.349630633913984523e+00 2.157630920070805924e+00 3.555498564698404085e+00 6.383241359808679682e+00
2.378277275468893004e-01 3.912327078544895476e-01 5.999655568528420302e-01 8.886476757995152020e-01 1.396307172985525202e+00 2.249449464770841178e+00 3.743422522849125578e+00 6.828522216025529445e+00
2.594344804764173174e-01 4.046186693096731624e-01 5.979561479214274833e-01 9.317614406892740231e-01 1.482046183631215319e+00 2.361309874502182549e+00 3.922344986154921109e+00 7.364846465782064477e+00
2.654095136427928048e-01 4.023220365041770274e-01 6.194314938120156766e-01 9.727291256395759200e-01 1.543557934512880037e+00 2.456323663146750214e+00 4.149379893880165149e+00 8.137510597075383600e+00
2.663945220924279211e-01 4.284992112156711941e-01 6.659242916458555372e-01 1.014199695589078853e+00 1.606180624528096068e+00 2.609855650757468837e+00 4.374465782896024280e+00 8.996579726754298179e+00
2.871206724224700246e-01 4.444138064313561953e-01 6.805725672132021398e-01 1.076141297947580622e+00 1.692224655972217828e+00 2.716110488766970477e+00 4.607269995422818454e+00 9.921918502431438469e+00
2.872881308565725100e-01 4.554009222613011332e-01 7.262573607239144469e-01 1.121130557452287180e+00 1.759994326673610665e+00 2.850359871832869540e+00 4.835644003456405216e+00 1.085868655691589346e+01
3.160684232904203417e-01 4.763076151344116105e-01 7.292438926372996066e-01 1.164562921735782686e+00 1.844433709777263175e+00 2.997102986775347588e+00 5.169927591988322746e+00 1.182721854673853912e+01
3.298268694620281050e-01 4.994441423151135817e-01 7.734783474439032025e-01 1.216216466315084066e+00 1.921904876755764491e+00 3.140774679527168711e+00 5.468104886302737278e+00 1.284617471411081269e+01
3.432234399274814995e-01 5.279320919481357288e-01 8.061436571131249673e-01 1.270253423407726956e+00 2.021118770665483400e+00 3.289692706102169240e+00 5.811026017773938790e+00 1.379072464889273597e+01
3.483957939767370338e-01 5.393419544211923711e-01 8.477859500092506106e-01 1.333992636143752408e+00 2.123672451837876896e+00 3.466011522741397233e+00 6.185030807911524597e+00 1.477728479769724323e+01
3.607853161221035720e-01 5.857248391305673874e-01 8.856234702710903406e-01 1.382487267659678443e+00 2.209982528310217909e+00 3.648699986765547632e+00 6.617463050909027977e+00 1.528699622850582429e+01
3.808459411002659278e-01 5.966690930241812518e-01 9.255401070582681688e-01 1.444325688134204144e+00 2.314899677238962283e+00 3.843848834052012275e+00 7.115177000388434259e+00 1.668263030007853587e+01
3.965949569524108709e-01 5.984985474197814792e-01 9.766417494805912369e-01 1.520295456642178467e+00 2.419442595550957975e+00 4.045916094876870872e+00 7.711451004843713264e+00 1.759211716481980758e+01
4.181826594479459147e-01 6.514162648427773705e-01 1.003817549722642033e+00 1.578367676830043420e+00 2.540922486709497274e+00 4.265163105112955932e+00 8.592986117090660514e+00 1.853284149980342477e+01
4.418520874947252097e-01 6.801884599834798761e-01 1.043234299885904992e+00 1.644601648099902391e+00 2.660504080540310401e+00 4.503212653242044894e+00 9.548659813621348746e+00 1.932049796925158702e+01
4.503436295401821998e-01 7.067323402514774644e-01 1.090011053359259297e+00 1.730624176745555465e+00 2.796341985026521204e+00 4.747724729990689951e+00 1.045267081090334038e+01 1.994390458589428405e+01
4.782630917241095236e-01 7.259594606762862501e-01 1.139959927817369101e+00 1.806640756643639545e+00 2.926000587012316689e+00 5.038204327004769389e+00 1.139195716701596517e+01 2.130116024793268537e+01
4.890023818227374752e-01 7.594394951050609244e-01 1.196036461745128676e+00 1.927877162249911791e+00 3.081962614848140714e+00 5.279569206724623598e+00 1.234747333110174772e+01 2.203586970386216848e+01
5.156938869856932950e-01 7.917656683946717733e-01 1.241475763745351957e+00 1.990925618714383338e+00 3.227245300898947455e+00 5.651921626219156281e+00 1.324730472470577247e+01 2.275248965199905271e+01
5.360757264805146027e-01 8.239429345224761336e-01 1.298510829259766020e+00 2.067103695441377731e+00 3.394164327098338152e+00 6.013281230164289504e+00 1.430778643090772206e+01 2.366503085936053807e+01
5.496717630742612437e-01 8.613460547380590304e-01 1.355073602815774381e+00 2.170956788809622395e+00 3.578117696586973207e+00 6.414026901496508337e+00 1.525527129428099826e+01 2.425188440757694153e+01
6.010321541039084225e-01 8.915319922243114537e-01 1.395069728141987708e+00 2.270334164826025347e+00 3.751433656426339081e+00 6.859908091501848659e+00 1.628904507209307795e+01 2.531604014009718995e+01
5.948603443386850653e-01 9.451556868358038654e-01 1.491847272224641419e+00 2.363712637091876179e+00 3.939946268551342445e+00 7.426850015085022960e+00 1.717265840962481604e+01 2.536082450613060502e+01
6.357759893412707752e-01 9.779372987123384764e-01 1.541043256264303274e+00 2.487958350603235225e+00 4.160015648480762884e+00 8.193500026049207463e+00 1.814037506412860878e+01 2.566342317970653752e+01
6.607880090455084954e-01 1.026749983579742453e+00 1.620562429844559560e+00 2.614278753701251290e+00 4.396503101282889681e+00 9.086248574292568492e+00 1.904367941141945408e+01 2.576876610002961598e+01
6.923939416021168691e-01 1.082015601426528972e+00 1.696438193286996965e+00 2.730991283504238698e+00 4.616669949918748017e+00 9.987666339245226510e+00 1.996729329925557650e+01 2.587622412154945906e+01
7.261478451436844672e-01 1.123709699181007160e+00 1.769552790322026947e+00 2.864395067445671295e+00 4.899503088665075445e+00 1.097752800481600843e+01 2.081279233009971108e+01 2.585516366921152454e+01
7.383090978054238640e-01 1.175912532760289730e+00 1.860321797283051026e+00 3.005398847669889406e+00 5.221089690296872199e+00 1.194247698524388568e+01 2.160119638942068221e+01 2.590626406161161910e+01
7.703818927090370083e-01 1.222940123011085456e+00 1.945995904306391466e+00 3.151396017067914723e+00 5.502197812518116571e+00 1.290600239033853214e+01 2.242839748842632730e+01 2.599065055655534806e+01
8.068344464992451837e-01 1.264944945935873477e+00 2.032416404322516357e+00 3.326456262363223892e+00 5.838459263326783777e+00 1.390866566460225506e+01 2.315642786494409222e+01 2.592852866571050896e+01
8.520010407168284727e-01 1.342555521777867744e+00 2.131883121465385056e+00 3.491198119779238329e+00 6.220235273051491376e+00 1.483398607405504954e+01 2.393597806539088424e+01 2.593201443342598722e+01
9.047074553770876326e-01 1.391723774836445049e+00 2.218043827355055786e+00 3.668158341322482308e+00 6.649775788112529007e+00 1.581979481599491422e+01 2.447027504299179057e+01 2.581989919169042125e+01
9.283471511467673576e-01 1.447667696031597950e+00 2.326987168374608839e+00 3.859796893969564824e+00 7.162799403583649749e+00 1.674875429441073393e+01 2.517612142183936541e+01 2.579283505867923409e+01
9.678268133834138087e-01 1.522850477921918078e+00 2.447526189230836202e+00 4.064843622644880305e+00 7.812824935342324473e+00 1.771516395402993993e+01 2.552090235124459028e+01 2.533907506267007292e+01
1.005656321332564884e+00 1.587824230431798433e+00 2.556784295037673349e+00 4.280514115821978827e+00 8.682128016500993084e+00 1.862624673534470077e+01 2.578001744117923622e+01 2.557646329466187041e+01
1.057536549880012222e+00 1.641244419647619690e+00 2.664363667437801730e+00 4.540532773575943537e+00 9.611500773880127468e+00 1.947151130274182051e+01 2.591033995706646209e+01 2.548163909461010590e+01
1.089468734573515230e+00 1.738500418748332388e+00 2.806166211123377163e+00 4.774217516377872172e+00 1.056172188234848441e+01 2.040794596420614226e+01 2.585276507694895898e+01 2.535587791994856133e+01
1.142090437452651042e+00 1.811245153709385658e+00 2.938858997277923990e+00 5.067841232950025088e+00 1.145551412318554974e+01 2.124612757642541894e+01 2.568107573750878814e+01 2.509485645897951045e+01
1.199664336324504310e+00 1.893193682553216961e+00 3.094159282819756385e+00 5.361440718607962452e+00 1.248386168967681620e+01 2.199315270541534773e+01 2.594027508788338920e+01 2.521855096303122679e+01
1.256481030423323375e+00 1.973599479604939200e+00 3.238106511743390481e+00 5.679483958200353122e+00 1.344814286689075367e+01 2.285648104723033214e+01 2.602357943676288698e+01 2.502802211254841680e+01
1.301756661704661644e+00 2.080584450146532483e+00 3.396625814738657212e+00 6.061277216667805057e+00 1.444052572409727020e+01 2.359772635037376531e+01 2.588957230034850454e+01 2.521110644716316074e+01
1.368077843600550736e+00 2.183741535040264026e+00 3.608738033363254161e+00 6.482271620436397264e+00 1.535178645039839829e+01 2.420675453509359087e+01 2.563502355190614779e+01 2.501424111925889093e+01
