2.330266675536738982e-02 3.556769609289611722e-02 5.430682306753657762e-02 8.296227819413311277e-02 1.268400808374633704e-01 1.941651150773242851e-01 2.977976675273637519e-01 4.581188668152867405e-01
2.426470087743385490e-02 3.703707594419597404e-02 5.655267785030033273e-02 8.639861432742432235e-02 1.321066444504240545e-01 2.022573570879006855e-01 3.102812536761874185e-01 4.774980368641980055e-01
2.526650497765861939e-02 3.856728305909545851e-02 5.889169977741507550e-02 8.997796552537995485e-02 1.375934863975581679e-01 2.106906674133344759e-01 3.232972844135441615e-01 4.977192897517077608e-01
2.630972760655783671e-02 4.016084595652726075e-02 6.132777837694267098e-02 9.370634174327850674e-02 1.433099572313073222e-01 2.194797499072918823e-01 3.368692690863551165e-01 5.188212127392710649e-01
2.739608602920243566e-02 4.182039915037871758e-02 6.386496764414398286e-02 9.759001043551919496e-02 1.492658162272765265e-01 2.286399709245089396e-01 3.510218259441063027e-01 5.408443434022239815e-01
2.852736912137916053e-02 4.354868766801697766e-02 6.650749317358903290e-02 1.016355080112863046e-01 1.554712502696719567e-01 2.381873916767572041e-01 3.657807407954481449e-01 5.638312851156990213e-01
2.970544039052430349e-02 4.534857176779327065e-02 6.925975961564966032e-02 1.058496518360493022e-01 1.619368936974415474e-01 2.481388023889796179e-01 3.811730293391952795e-01 5.878268309682772585e-01
3.093224112703954129e-02 4.722303186484187038e-02 7.212635847343427942e-02 1.102395528080061110e-01 1.686738491675900675e-01 2.585117583748571257e-01 3.972270034511760639e-01 6.128780968698396281e-01
3.220979369185489327e-02 4.917517367497664660e-02 7.511207625708103686e-02 1.148126285403422431e-01 1.756937095959843209e-01 2.693246181606073208e-01 4.139723417346193313e-01 6.390346647051060591e-01
3.354020494640818500e-02 5.120823358695701655e-02 7.822190301332154760e-02 1.195766171821205787e-01 1.830085812403018097e-01 2.805965837963549370e-01 4.314401646708574400e-01 6.663487364804213664e-01
3.492566983149403975e-02 5.332558427392201233e-02 8.146104124917766254e-02 1.245395919127595952e-01 1.906311079944016385e-01 2.923477435057308393e-01 4.496631147394686279e-01 6.948753005202507049e-01
3.636847510175749559e-02 5.553074055548711668e-02 8.483491526987177456e-02 1.297099761471784130e-01 1.985744969683845562e-01 3.045991168370533742e-01 4.686754419129998683e-01 7.246723108937505042e-01
3.787100322297029531e-02 5.782736552236667632e-02 8.834918095202619337e-02 1.350965594912380274e-01 2.068525454341181569e-01 3.173727024931860541e-01 4.885130949716283144e-01 7.558008813927018510e-01
3.943573643951538837e-02 6.021927693630978184e-02 9.200973597463084352e-02 1.407085144895630635e-01 2.154796692219092813e-01 3.306915290324170531e-01 5.092138191279940163e-01 7.883254955430878397e-01
4.106526101996292588e-02 6.271045391857739404e-02 9.582273053146724007e-02 1.465554142107568236e-01 2.244709326604898969e-01 3.445797086493935790e-01 5.308172605027664526e-01 8.223142343169772550e-01
4.276227168893849406e-02 6.530504394107039534e-02 9.979457855017939694e-02 1.526472507179267024e-01 2.338420801594778276e-01 3.590624942637018480e-01 5.533650780478006626e-01 8.578390234227163402e-01
4.452957625395095875e-02 6.800737013492805239e-02 1.039319694446655951e-01 1.589944544757366518e-01 2.436095695412150985e-01 3.741663401640181186e-01 5.769010635771821827e-01 8.949759022949628218e-01
4.637010043631138029e-02 7.082193893220567471e-02 1.082418804290608272e-01 1.656079147487908854e-01 2.537906072372443922e-01 3.899189664783752618e-01 6.014712706376250662e-01 9.338053171868838653e-01
4.828689291561481106e-02 7.375344805722194863e-02 1.127315894234501431e-01 1.724990010498198001e-01 2.644031854738134735e-01 4.063494277660975040e-01 6.271241530302251732e-01 9.744124410920317336e-01
5.028313059793872164e-02 7.680679488495446849e-02 1.174086885831885918e-01 1.796795857003775365e-01 2.754661215808951735e-01 4.234881860547043408e-01 6.539107138863743396e-01 1.016887523600966237e+00
5.236212411827947943e-02 7.998708518498598430e-02 1.222810984857917865e-01 1.871620675711914705e-01 2.869990995701496850e-01 4.413671886758979146e-01 6.818846663036037814e-01 1.061326274237513800e+00
5.452732358840926136e-02 8.329964227045204284e-02 1.273570830115414998e-01 1.949593970741334559e-01 2.990227141393342891e-01 4.600199512891356424e-01 7.111026066639707377e-01 1.107830283333619548e+00
5.678232460182088687e-02 8.675001657267862598e-02 1.326452649562326336e-01 2.030851024830457319e-01 3.115585172739099296e-01 4.794816465194459143e-01 7.416242018905609967e-01 1.156507485105055411e+00
5.913087450817305218e-02 9.034399566328954467e-02 1.381546424170423670e-01 2.115533176663904336e-01 3.246290676311121004e-01 4.997891986789322338e-01 7.735123920493044425e-01 1.207472668300275442e+00
6.157687897023350621e-02 9.408761474695628846e-02 1.438946059951580203e-01 2.203788113209051436e-01 3.382579829078539713e-01 5.209813850891610310e-01 8.068336098766477615e-01 1.260848040634491740e+00
6.412440881701896023e-02 9.798716764926375389e-02 1.498749568617785966e-01 2.295770178021977470e-01 3.524699954114590139e-01 5.430989445751770450e-01 8.416580190123033045e-01 1.316763854217666507e+00
6.677770720764615586e-02 1.020492183257054597e-01 1.561059257371726627e-01 2.391640696556294188e-01 3.672910110717235721e-01 5.661846937619074982e-01 8.780597729448326172e-01 1.375359100373633181e+00
6.954119712113791818e-02 1.062806129193372001e-01 1.625981928359598871e-01 2.491568319588624569e-01 3.827481721544053750e-01 5.902836518714255076e-01 9.161172969408960531e-01 1.436782283670944960e+00
7.241948918831661586e-02 1.106884923963788736e-01 1.693629088353648671e-01 2.595729385962901037e-01 3.988699239601398161e-01 6.154431747955655396e-01 9.559135955334256973e-01 1.501192286699592593e+00
7.541738988279618472e-02 1.152803057908284162e-01 1.764117169272771679e-01 2.704308305951536040e-01 4.156860858191913644e-01 6.417130993044491971e-01 9.975365884968171448e-01 1.568759339200747727e+00
7.853991008909308458e-02 1.200638240911110627e-01 1.837567760191299582e-01 2.817497966637403373e-01 4.332279267219368291e-01 6.691458983487722501e-01 1.041079478647673806e+00 1.639666107678654283e+00
8.179227406683917123e-02 1.250471548038946945e-01 1.914107851534157800e-01 2.935500160835871619e-01 4.515282459575857277e-01 6.977968485240362284e-01 1.086641155288688987e+00 1.714108924709707660e+00
8.517992883122467440e-02 1.302387572324675280e-01 1.993870092206124767e-01 3.058526041203104007e-01 4.706214591701723404e-01 7.277242108902779449e-01 1.134326637674350602e+00 1.792299180963053518e+00
8.870855397096069628e-02 1.356474585094567809e-01 2.076993060458630358e-01 3.186796601316517208e-01 4.905436902813732347e-01 7.589894264838311644e-01 1.184247563536638514e+00 1.874464907655594592e+00
9.238407192629966014e-02 1.412824704263348496e-01 2.163621549357170049e-01 3.320543185666607333e-01 5.113328697752250740e-01 7.916573280206887775e-01 1.236522728487311040e+00 1.960852583041034825e+00
9.621265875096826625e-02 1.471534071049396819e-01 2.253906867777819567e-01 3.460008030668449419e-01 5.330288398905844716e-01 8.257963694779136832e-01 1.291278683035484098e+00 2.051729203922558309e+00
1.002007553833384051e-01 1.532703035592954677e-01 2.348007157931816524e-01 3.605444838987776346e-01 5.556734673242719191e-01 8.614788754540791960e-01 1.348650395056597784e+00 2.147384672547226536e+00
1.043550794536792226e-01 1.596436351992893410e-01 2.446087730495267176e-01 3.757119389683077904e-01 5.793107641118615536e-01 8.987813124563811540e-01 1.408781986860604629e+00 2.248134561221070360e+00
1.086826376559335006e-01 1.662843383313170609e-01 2.548321418505299918e-01 3.915310186892431155e-01 6.039870174252778279e-01 9.377845845472980724e-01 1.471827557582430002e+00 2.354323332449633099e+00
1.131907387143167992e-01 1.732038317148325290e-01 2.654888951276502262e-01 4.080309150047708444e-01 6.297509291077357796e-01 9.785743561134646606e-01 1.537952103519339087e+00 2.466328112578434872e+00
1.178870069768312295e-01 1.804140392379247060e-01 2.765979349692555544e-01 4.252422348877704650e-01 6.566537658585775983e-01 1.021241404902899719e+00 1.607332551347231631e+00 2.584563143503924909e+00
1.227793966698726563e-01 1.879274137794957333e-01 2.881790344339510423e-01 4.431970786775078497e-01 6.847495210847831526e-01 1.065882008923245916e+00 1.680158921963794683e+00 2.709485072522389792e+00
1.278762068502740656e-01 1.957569623305514261e-01 3.002528818067836669e-01 4.619291236447415350e-01 7.140950895543369814e-01 1.112598371316115387e+00 1.756635646163613007e+00 2.841599288390494582e+00
1.331860970934796995e-01 2.039162724523752301e-01 3.128411274705053535e-01 4.814737132160420430e-01 7.447504561212527907e-01 1.161499087935592645e+00 1.836983057621925486e+00 2.981467577546502046e+00
1.387181039590776876e-01 2.124195401551755291e-01 3.259664335786970901e-01 5.018679523312781221e-01 7.767788999457778676e-01 1.212699663080953005e+00 1.921439093977791890e+00 3.129717466301919604e+00
1.444816582776237701e-01 2.212815992869745785e-01 3.396525267337850429e-01 5.231508094565567868e-01 8.102472158089891741e-01 1.266323079687751596e+00 2.010261243467049042e+00 3.287053745217883627e+00
1.504866033056455610e-01 2.305179525294779874e-01 3.539242538908405344e-01 5.453632258290094237e-01 8.452259543224328597e-01 1.322500431295601020e+00 2.103728782966613586e+00 3.454272860736735229e+00
1.567432137989000773e-01 2.401448041049593363e-01 3.688076417276899832e-01 5.685482325706987528e-01 8.817896830652082185e-01 1.381371624320698821e+00 2.202145364025137830e+00 3.632281138865581571e+00
1.632622160572857750e-01 2.501790943064343131e-01 3.843299597437793702e-01 5.927510763772129154e-01 9.200172709477950628e-01 1.443086160611128932e+00 2.305842017225645968e+00 3.822118230731953226e+00
1.700548089987358180e-01 2.606385359722587780e-01 4.005197873742149528e-01 6.180193545636245567e-01 9.599921984108936712e-01 1.507804012008791661e+00 2.415180663099995684e+00 4.024987834754116811e+00
1.771326863231001136e-01 2.715416530359499592e-01 4.174070854323000956e-01 6.444031603376035866e-01 1.001802896425602274e+00 1.575696600755465138e+00 2.530558241265198127e+00 4.242298826115550980e+00
1.845080598317074272e-01 2.829078212927475522e-01 4.350232722234956828e-01 6.719552392678631580e-01 1.045543117678118694e+00 1.646947902153241605e+00 2.652411600575422135e+00 4.475721735463790374e+00
1.921936839727488022e-01 2.947573115360534457e-01 4.534013047068405911e-01 7.007311580280243257e-01 1.091312343808712226e+00 1.721755689039249804e+00 2.781223334919833423e+00 4.727268714278459960e+00
2.002028816878716477e-01 3.071113352297014654e-01 4.725757651166730411e-01 7.307894866228994424e-01 1.139216233144871415e+00 1.800332941515343510e+00 2.917528806320842438e+00 4.999411091423148434e+00
2.085495716408785893e-01 3.199920928961302868e-01 4.925829534985726732e-01 7.621919954490252724e-01 1.189367114038926365e+00 1.882909450185777711e+00 3.061924675916051886e+00 5.295260578158516473e+00
2.172482969154883314e-01 3.334228254159833371e-01 5.134609866593885519e-01 7.950038687066262044e-01 1.241884529711993812e+00 1.969733647166787005e+00 3.215079374530463330e+00 5.618866361662634645e+00
2.263142552756130244e-01 3.474278684517362881e-01 5.352499040826609322e-01 8.292939358696285179e-01 1.296895841444248854e+00 2.061074706696520487e+00 3.377746103992009363e+00 5.975744908200001149e+00
2.357633310889190037e-01 3.620327102268691144e-01 5.579917814183629199e-01 8.651349231376886939e-01 1.354536898068435136e+00 2.157224966771787322e+00 3.550779194052745780e+00 6.373947621776707706e+00
2.456121290220744380e-01 3.772640529128381548e-01 5.817308522208640698e-01 9.026037270447340166e-01 1.414952781059136022e+00 2.258502735523251204e+00 3.735154990684693033e+00 6.826685457260267320e+00
2.558780096247755820e-01 3.931498778991903142e-01 6.065136386818945624e-01 9.417817126876493194e-01 1.478298636115241038e+00 2.365255561915406091e+00 3.931998993051181834e+00 7.362124270537728776e+00
2.665791269288461662e-01 4.097195152476625357e-01 6.323890921878031479e-01 9.827550393735768886e-01 1.544740604071151990e+00 2.477864071082182651e+00 4.142621818979637105e+00 8.062369713708772423e+00
2.777344681990701614e-01 4.270037176595554707e-01 6.594087446234528915e-01 1.025615016873580254e+00 1.614456866325598483e+00 2.596746491968949133e+00 4.368568003979580894e+00 8.780966475346589917e+00
2.893638959834092805e-01 4.450347393169856169e-01 6.876268714507722812e-01 1.070458495923985343e+00 1.687638822850305642e+00 2.722364041513777977e+00 4.611684098198088222e+00 9.451556098365323066e+00
3.014881926227559461e-01 4.638464199938661658e-01 7.171006677097492288e-01 1.117388297147370313e+00 1.764492424370878609e+00 2.855227379117081465e+00 4.874216995974523847e+00 1.010014615182070408e+01
3.141291073937277911e-01 4.834742748714566662e-01 7.478904382262044903e-01 1.166513683188272976e+00 1.845239684676706071e+00 2.995904413200026983e+00 5.158962091640552750e+00 1.074799411282894113e+01
3.273094064728409025e-01 5.039555905370521893e-01 7.800598034663693836e-01 1.217950879592683666e+00 1.930120404450348381e+00 3.145029836709068771e+00 5.469499022220867701e+00 1.129802810282508396e+01
3.410529259268776925e-01 5.253295276932068436e-01 8.136759226563753389e-01 1.271823650829179586e+00 2.019394144821240022e+00 3.303316903621649647e+00 5.810595044651122976e+00 1.185786558496978138e+01
3.553846279521326590e-01 5.476372311597113018e-01 8.488097359890869331e-01 1.328263938881534934e+00 2.113342497462380454e+00 3.471572154723205461e+00 6.188969549536386339e+00 1.238581935114261690e+01
3.703306606052302885e-01 5.709219478119998969e-01 8.855362279756203714e-01 1.387412573074241262e+00 2.212271709029964839e+00 3.650714092251432064e+00 6.614988950917210175e+00 1.283638532429580792e+01
3.859184212901733968e-01 5.952291531689121173e-01 9.239347142698337567e-01 1.449420061269166782e+00 2.316515731873783235e+00 3.841797246866353710e+00 7.107655197736947983e+00 1.323682920056709378e+01
4.021766242906876232e-01 6.206066874207052386e-01 9.640891546074110696e-01 1.514447474350695488e+00 2.426439791303566462e+00 4.046043776993760943e+00 7.732308058322288957e+00 1.365278927730557257e+01
4.191353726639475696e-01 6.471049017763828015e-01 1.006088494864811000e+00 1.582667438071778676e+00 2.542444583806830138e+00 4.264885871921597627e+00 8.450304926658574800e+00 1.399960069750241587e+01
4.368262348417729646e-01 6.747768161091244332e-01 1.050027041666566685e+00 1.654265248957849321e+00 2.664971252653050460e+00 4.500024142753336065e+00 9.185478685083937833e+00 1.428713746220083181e+01
4.552823263188693348e-01 7.036782889918262729e-01 1.096004873463652940e+00 1.729440134180889155e+00 2.794507330443463111e+00 4.753510577456457220e+00 9.812657743566782997e+00 1.455616367441668046e+01
4.745383968448293466e-01 7.338682013434210116e-01 1.144128292585088191e+00 1.808406679279746410e+00 2.931593897031926854e+00 5.027871010740766700e+00 1.043849494909167319e+01 1.475989835647445680e+01
4.946309235781792268e-01 7.654086550533623079e-01 1.194510323446356992e+00 1.891396452521832305e+00 3.076834282853165625e+00 5.326294930377413195e+00 1.104380841215350983e+01 1.490199322716421904e+01
5.155982107072427656e-01 7.983651881192456168e-01 1.247271262903303146e+00 1.978659860849867780e+00 3.230904762800826724e+00 5.652948928271146478e+00 1.161010517432312739e+01 1.500672555756740145e+01
5.374804960945758214e-01 8.328070080245665308e-01 1.302539289694459423e+00 2.070468280101168457e+00 3.394567851293817107e+00 6.013541365646251968e+00 1.215036699715574997e+01 1.502868978525454935e+01
5.603200655600717450e-01 8.688072453041240095e-01 1.360451141051812085e+00 2.167116512020903052e+00 3.568689052297301156e+00 6.416477986418896329e+00 1.261323816228592598e+01 1.500210053314769709e+01
5.841613754835410788e-01 9.064432294985689254e-01 1.421152865919854680e+00 2.268925633189331936e+00 3.754258284056906536e+00 6.875781522733110052e+00 1.307792773487915028e+01 1.503922223694012672e+01
6.090511844813371045e-01 9.457967899930435074e-01 1.484800665858072799e+00 2.376246317278909004e+00 3.952417764790078447e+00 7.422840188973018449e+00 1.346870415095397888e+01 1.457975708625748013e+01
6.350386949951259963e-01 9.869545845747350610e-01 1.551561836677469719e+00 2.489462733354305790e+00 4.164499050940906777e+00 8.135461959663526699e+00 1.383517041278843429e+01 1.412307027687492145e+01
6.621757057251493883e-01 1.030008458939338123e+00 1.621615826261963988e+00 2.608997151077247612e+00 4.392073421618964524e+00 8.845298836085696337e+00 1.417757822954318847e+01 1.363315607930806905e+01
6.905167759472183864e-01 1.075055840837116472e+00 1.695155426957838607e+00 2.735315421342703335e+00 4.637022407102159960e+00 9.416258385135442666e+00 1.444417424589111576e+01 1.301024846849860417e+01
7.201194028742228248e-01 1.122200173088435671e+00 1.772388124519058028e+00 2.868933551953769978e+00 4.901640020374969708e+00 1.018521674031665292e+01 1.466015943228316765e+01 1.262857219880846138e+01
7.510442133610046866e-01 1.171551390331818210e+00 1.853537630056142582e+00 3.010425668253609022e+00 5.188787539229274159e+00 1.083123362834706427e+01 1.485114134966851118e+01 1.206991235217751601e+01
7.833551714094764140e-01 1.223226445114071304e+00 1.938845626992317328e+00 3.160433747014408379e+00 5.502141353258193313e+00 1.135076595505734609e+01 1.496025221268016736e+01 1.166816601064768832e+01
8.171198031111983617e-01 1.277349889815606376e+00 2.028573772004226949e+00 3.319679652079039478e+00 5.846620728329787298e+00 1.190162218625653878e+01 1.502604129961014223e+01 1.101184570422027953e+01
8.524094408719457006e-01 1.334054521954274097e+00 2.123005997746478357e+00 3.488980204158049769e+00 6.229208825359759061e+00 1.240585236660123947e+01 1.500216996831603034e+01 1.063551072724329494e+01
8.892994890009330300e-01 1.393482101665044048e+00 2.222451176416038621e+00 3.669266320668955306e+00 6.660810718655937102e+00 1.283392248530546986e+01 1.484092634151169321e+01 1.013692954670491275e+01
9.278697130223052536e-01 1.455784151656856595e+00 2.327246217708609954e+00 3.861607725179063255e+00 7.161961931820484573e+00 1.330606100704072503e+01 1.466596097554570299e+01 9.589267285778987571e+00
9.682045553844991215e-01 1.521122851761333550e+00 2.437759693574358622e+00 4.067245456025782246e+00 7.804095065406087883e+00 1.367510919982923312e+01 1.438870376639770043e+01 9.099458908614852959e+00
1.010393480612193029e+00 1.589672042385287476e+00 2.554396106972643299e+00 4.287635593733133632e+00 8.526529158214277260e+00 1.401947441426774610e+01 1.386916259987026301e+01 8.517647729280565017e+00
1.054531353375321778e+00 1.661618353856639141e+00 2.677600954811235390e+00 4.524509647709975546e+00 9.208009689806980091e+00 1.431230103941476450e+01 1.339748298210953870e+01 8.033483969483409481e+00
1.100718853451823742e+00 1.737162481935808911e+00 2.807866779713918071e+00 4.779960645631368799e+00 9.876344485743173252e+00 1.450501418562762979e+01 1.283417327134443831e+01 7.559284594573029814e+00
1.149062932149401695e+00 1.816520633813592633e+00 2.945740466037425787e+00 5.056570783505606848e+00 1.049987811642741420e+01 1.471474017834669290e+01 1.240232214707608982e+01 7.017934383636999840e+00
1.199677315444537928e+00 1.899926173945043040e+00 3.091832119956811287e+00 5.357610366556674997e+00 1.104485161212318545e+01 1.492062264720754250e+01 1.192789028774437199e+01 6.411849005467074925e+00
1.252683059915572938e+00 1.987631505358519624e+00 3.246825992693627150e+00 5.687368801902485060e+00 1.168829800192475687e+01 1.494988474617536411e+01 1.130545251596482892e+01 5.924138709608030240e+00
1.308209168517757259e+00 2.079910230007322891e+00 3.411494077772676548e+00 6.051757170158452936e+00 1.214142038851854544e+01 1.502478677509886396e+01 1.086235183575120544e+01 5.337999537188330201e+00
1.366393274405397706e+00 2.177059641807616241e+00 3.586713266181174919e+00 6.459561562527199818e+00 1.267898552906385667e+01 1.496137311987550689e+01 1.029313379470212908e+01 4.785090729788795016e+00
