-7.409775289269092576e-03 -1.130467865201091951e-02 -1.724867903042421810e-02 -2.632215033567817872e-02 -4.017822654782856467e-02 -6.135066779542328735e-02 -9.373292734586868846e-02 -1.433314941614046989e-01 -2.194697203018667886e-01 -3.367594601500814577e-01
-7.715408265015927594e-03 -1.177106020393488099e-02 -1.796050419104356158e-02 -2.740893671370652623e-02 -4.183830150561482913e-02 -6.388835165195237697e-02 -9.761666249579391275e-02 -1.492859024223993913e-01 -2.286243029368509316e-01 -3.508961846539497831e-01
-8.033652822491731474e-03 -1.225669439963089635e-02 -1.870173270194759943e-02 -2.854065835791565545e-02 -4.356711705241175792e-02 -6.653135491307610172e-02 -1.016621446424919167e-01 -1.554896367098173859e-01 -2.381654425059884228e-01 -3.656377812716496978e-01
-8.365029789775244723e-03 -1.276237699884678542e-02 -1.947358144587744977e-02 -2.971917862493608439e-02 -4.536753231614214926e-02 -6.928407847209815118e-02 -1.058761809249163938e-01 -1.619533062107325616e-01 -2.481098723169331000e-01 -3.810111515895360235e-01
-8.710081539822417396e-03 -1.328893673590360661e-02 -2.027731786326345334e-02 -3.094643859939685479e-02 -4.724252642412426345e-02 -7.215110967217165661e-02 -1.102658710534188402e-01 -1.686879862847421585e-01 -2.584750864520415914e-01 -3.970444868323479981e-01
-9.069372884732718534e-03 -1.383723669316938749e-02 -2.111426206931503805e-02 -3.222446037522101042e-02 -4.919520363149709058e-02 -7.513723042443080924e-02 -1.148386204120252913e-01 -1.757052402435061444e-01 -2.692793776367701786e-01 -4.137673384034681323e-01
-9.443492007395250590e-03 -1.440817573234280669e-02 -2.198578906117218748e-02 -3.355535047874442373e-02 -5.122879867666872700e-02 -7.824742569840971440e-02 -1.196021537933663198e-01 -1.830171422626456212e-01 -2.805418772921377535e-01 -4.312106931159184198e-01
-9.833051432086258037e-03 -1.500268998602651525e-02 -2.289333101905851806e-02 -3.494130344007087552e-02 -5.334668237450856942e-02 -8.148689240345126372e-02 -1.245645298008244278e-01 -1.906363014950576695e-01 -2.922825979246544414e-01 -4.494070535067679062e-01
-1.023868903568210878e-02 -1.562175441218549392e-02 -2.383837970557640615e-02 -3.638460551939787235e-02 -5.555236745856619723e-02 -8.486104868087573916e-02 -1.297341559546485168e-01 -1.985758874597988999e-01 -3.045224780203767967e-01 -4.683905236686216611e-01
-1.066106910120231781e-02 -1.626638441419719222e-02 -2.482248896746356084e-02 -3.788763859535683454e-02 -5.784951468419934767e-02 -8.837554362780777883e-02 -1.351198045412157211e-01 -2.068496567862688207e-01 -3.172834296244667618e-01 -4.881969010780024543e-01
-1.110088341549423860e-02 -1.693763752934127412e-02 -2.584727734434728863e-02 -3.945288422277502816e-02 -6.024193920511121403e-02 -9.203626747482911152e-02 -1.407306292471919573e-01 -2.154719813994711020e-01 -3.305883888038566032e-01 -5.088637749524660414e-01
-1.155885241292334970e-02 -1.763661518866141420e-02 -2.691443078922096943e-02 -4.108292786764487781e-02 -6.273361723650018595e-02 -9.584936224089801726e-02 -1.465761826231515019e-01 -2.244578782387650906e-01 -3.444613692086404555e-01 -5.304306317272377003e-01
-1.203572636704336625e-02 -1.836446455132434083e-02 -2.802570550563083379e-02 -4.278046332743472985e-02 -6.532869301870858347e-02 -9.982123289040192859e-02 -1.526664344242252003e-01 -2.338230406097472347e-01 -3.589275189678017286e-01 -5.529389683088882235e-01
-1.253228663228842313e-02 -1.912238041669168942e-02 -2.918293090675048648e-02 -4.454829734535583480e-02 -6.803148609603909547e-02 -1.039585590187269426e-01 -1.590117908786230772e-01 -2.435838712768586822e-01 -3.740131811771095771e-01 -5.764324138394959496e-01
-1.304934693782156506e-02 -1.991160721748994403e-02 -3.038801270180592484e-02 -4.638935442755597049e-02 -7.084649892620323297e-02 -1.082683070943200043e-01 -1.656231149384101431e-01 -2.537575174129529376e-01 -3.897459582618005847e-01 -6.009568607912324500e-01
-1.358775473578250487e-02 -2.073344109761903267e-02 -3.164293611555654695e-02 -4.830668187273766401e-02 -7.377842483674343366e-02 -1.127577432869734247e-01 -1.725117475707452497e-01 -2.643619075316476219e-01 -4.061547805242612386e-01 -6.265606063101281098e-01
-1.414839260625585030e-02 -2.158923207829832949e-02 -3.294976924681293495e-02 -5.030345502415686093e-02 -7.683215634567176766e-02 -1.174344469139123742e-01 -1.796895301519626509e-01 -2.754157905387201177e-01 -4.232699792178841736e-01 -6.532945048410380151e-01
-1.473217972139398250e-02 -2.248038631642023180e-02 -3.431066657228102473e-02 -5.238298275446264668e-02 -8.001279386455117937e-02 -1.223063245372855018e-01 -1.871688280313877628e-01 -2.869387770503774027e-01 -4.411233645228295752e-01 -6.812121331959508641e-01
-1.534007337125553247e-02 -2.340836845915340164e-02 -3.572787260229291079e-02 -5.454871319442491234e-02 -8.332565480330522689e-02 -1.273816247487933317e-01 -1.949625553366932107e-01 -2.989513831389234988e-01 -4.597483088383439997e-01 -7.103699693777816293e-01
-1.597307055399252440e-02 -2.437470409905061891e-02 -3.720372569534444174e-02 -5.680423971714252535e-02 -8.677628309713521226e-02 -1.326689536795241930e-01 -2.030842010979576895e-01 -3.114750766803994764e-01 -4.791798358499826382e-01 -7.408275866452521674e-01
-1.663220963318574538e-02 -2.538098233407306073e-02 -3.874066203868153924e-02 -5.915330718995606002e-02 -9.037045917712699383e-02 -1.381772912755702964e-01 -2.115478567734125070e-01 -3.245323264942828745e-01 -4.994547158793787855e-01 -7.726478645056779060e-01
-1.731857206521073347e-02 -2.642885843719741668e-02 -4.034121980253910222e-02 -6.159981850694385558e-02 -9.411421040741221877e-02 -1.439160083826891423e-01 -2.203682452662423241e-01 -3.381466544825465492e-01 -5.206115680799190404e-01 -8.058972185567417901e-01
-1.803328419968621213e-02 -2.752005664044867780e-02 -4.200804347601060085e-02 -6.414784141557967889e-02 -9.801382201308664333e-02 -1.498948846861990480e-01 -2.295607515287375888e-01 -3.523426909944096797e-01 -5.426909701047524237e-01 -8.406458513721000170e-01
-1.877751915616228742e-02 -2.865637303846936892e-02 -4.374388839294648251e-02 -6.680161565185831207e-02 -1.020758485245866348e-01 -1.561241275554454411e-01 -2.391414548577229515e-01 -3.671462336643280810e-01 -5.657355759452072919e-01 -8.769680269466669786e-01
-1.955249878036757760e-02 -2.983967861694539550e-02 -4.555162545668840768e-02 -6.956556039899362831e-02 -1.063071257657551699e-01 -1.626143918455980886e-01 -2.491271629935158383e-01 -3.825843099943551096e-01 -5.897902427192117658e-01 -9.149423715955853353e-01
-2.035949568348548525e-02 -3.107192241148800521e-02 -4.743424607289351003e-02 -7.244428208562161964e-02 -1.107147834145334048e-01 -1.693768007132162856e-01 -2.595354481438161831e-01 -3.986852439782911928e-01 -6.149021672823444806e-01 -9.546522046479729573e-01
-2.119983536807733618e-02 -3.235513480282472404e-02 -4.939486730019462118e-02 -7.544258254034483246e-02 -1.153062581670009079e-01 -1.764229675060551006e-01 -2.703846850639509691e-01 -4.154787270944161892e-01 -6.411210336406583110e-01 -9.961859028077283407e-01
-2.207489844445275837e-02 -3.369143095445375352e-02 -5.143673722893322975e-02 -7.856546752039615666e-02 -1.200893075374496743e-01 -1.837650187919159239e-01 -2.816940913359765042e-01 -4.329958940265179468e-01 -6.684991722665772906e-01 -1.039637302687584031e+00
-2.298612294144895471e-02 -3.508301439918820597e-02 -5.356324059873820986e-02 -8.181815563321487295e-02 -1.250720243292256506e-01 -1.914156185960929901e-01 -2.934837700012847828e-01 -4.512694035097764012e-01 -6.970917325598425807e-01 -1.085106146782938152e+00
-2.393500671577395225e-02 -3.653218078135609531e-02 -5.577790466628792382e-02 -8.520608767081701285e-02 -1.302628518133605584e-01 -1.993879939221041564e-01 -3.057747547147970368e-01 -4.703335247395384333e-01 -7.269568698578978694e-01 -1.132698579068743383e+00
-2.492310996425514680e-02 -3.804132176174729318e-02 -5.808440533520558419e-02 -8.873493637799421963e-02 -1.356705996543938475e-01 -2.076959616360180005e-01 -3.185890576036561894e-01 -4.902242298277220134e-01 -7.581559485882298777e-01 -1.182527697514265341e+00
-2.595205784354828044e-02 -3.961292909274108376e-02 -6.048657356065817448e-02 -9.241061667660777079e-02 -1.413044606254337809e-01 -2.163539568007890879e-01 -3.319497200297478745e-01 -5.109792928442712379e-01 -7.907537633738612737e-01 -1.234714172166148316e+00
-2.702354320205890489e-02 -4.124959887142902459e-02 -6.298840204190934988e-02 -9.623929636958201972e-02 -1.471740281572791187e-01 -2.253770625537131755e-01 -3.458808664735742444e-01 -5.326383960407196083e-01 -8.248187801583003465e-01 -1.289386939114009367e+00
-2.813932942908051876e-02 -4.295403597893854286e-02 -6.559405221681950671e-02 -1.002274073495981049e-01 -1.532893147695172931e-01 -2.347810416274066780e-01 -3.604077617772083464e-01 -5.552432439205799986e-01 -8.604233997149004498e-01 -1.346683982708498206e+00
-2.930125342635341718e-02 -4.472905871456898247e-02 -6.830786157301330097e-02 -1.043816573390215080e-01 -1.596607714347605400e-01 -2.445823696227228117e-01 -3.755568720065223798e-01 -5.788376858981250095e-01 -8.976442462567207903e-01 -1.406753220959895856e+00
-3.051122870753261024e-02 -4.657760363380196444e-02 -7.113435129127479439e-02 -1.087090421892209779e-01 -1.662993079307827915e-01 -2.547982701507778280e-01 -3.913559292179186189e-01 -6.034678483747860644e-01 -9.365624842773455638e-01 -1.469753512253200167e+00
-3.177124863130290772e-02 -4.850273059969882616e-02 -7.407823423760137582e-02 -1.132168587691791822e-01 -1.732163142391670296e-01 -2.654467519708854084e-01 -4.078340004427486454e-01 -6.291822771626079946e-01 -9.772641672444236649e-01 -1.535855805571437527e+00
-3.308338977413746024e-02 -5.050762805769892783e-02 -7.714442332124649138e-02 -1.179127184751766894e-01 -1.804236830532689462e-01 -2.765466482617956467e-01 -4.250215612338328897e-01 -6.560320912989345832e-01 -1.019840622352755188e+00 -1.605244461592276073e+00
-3.444981544903186199e-02 -5.259561854434952055e-02 -8.033804023709270603e-02 -1.228045613953501064e-01 -1.879338334628720963e-01 -2.881176581752528665e-01 -4.429505741535451069e-01 -6.840711494285567351e-01 -1.064388876243904880e+00 -1.678118778685069090e+00
-3.587277937679718420e-02 -5.477016444104521736e-02 -8.366442461173097256e-02 -1.279006711650856609e-01 -1.957597358878500338e-01 -3.001803908337667970e-01 -4.616545726222275881e-01 -7.133562300816743695e-01 -1.111012127441504571e+00 -1.754694766503680725e+00
-3.735462951687557737e-02 -5.703487398444632983e-02 -8.712914357375990682e-02 -1.332096905515701424e-01 -2.039149383385567837e-01 -3.127564119486289096e-01 -4.811687505899563955e-01 -7.439472273520757462e-01 -1.159820272269899144e+00 -1.835207221275955813e+00
-3.889781206493781590e-02 -5.939350754585830117e-02 -9.073800176999519129e-02 -1.387406378083121117e-01 -2.124135940865523875e-01 -3.258682932499266660e-01 -5.015300585445721104e-01 -7.759073636841863353e-01 -1.210930492262619174e+00 -1.919912172082529400e+00
-4.050487562492085386e-02 -6.184998419252542984e-02 -9.449705185059216472e-02 -1.445029238432027630e-01 -2.212704908356787070e-01 -3.395396649376493103e-01 -5.227773064252878576e-01 -8.093034217155650190e-01 -1.264467912583258302e+00 -2.009089787924885684e+00
-4.217847556351864147e-02 -6.440838854447615558e-02 -9.841260544743232752e-02 -1.505063702465901931e-01 -2.305010814905346650e-01 -3.537952713822525297e-01 -5.449512740750638295e-01 -8.442059973995030830e-01 -1.320566342848766173e+00 -2.103047863474693635e+00
-4.392137855555914433e-02 -6.707297794131054924e-02 -1.024912446716142039e-01 -1.567612282290513914e-01 -2.401215166270641854e-01 -3.686610303244800546e-01 -5.680948299375039312e-01 -8.806897769586605751e-01 -1.379369114061461010e+00 -2.202126040508360916e+00
-4.573646732912096946e-02 -6.984818993412116039e-02 -1.067398341574510440e-01 -1.632781985219549370e-01 -2.501486787783825938e-01 -3.841640958480568302e-01 -5.922530587866227103e-01 -9.188338406051077545e-01 -1.441030028250488426e+00 -2.306700977474881675e+00
-4.762674561969883202e-02 -7.273865011855548679e-02 -1.111655336820825540e-01 -1.700684522976684820e-01 -2.606002186582153102e-01 -4.003329254254726077e-01 -6.174733993721316372e-01 -9.587219964169489961e-01 -1.505714441069146758e+00 -2.417192759839127181e+00
-4.959534334319695703e-02 -7.574918032595627515e-02 -1.157758113916214776e-01 -1.771436531702725026e-01 -2.714945934544240047e-01 -4.171973513667899258e-01 -6.438057929708455029e-01 -1.000443148302196494e+00 -1.573600502225904307e+00 -2.534072962489887448e+00
-5.164552199806049515e-02 -7.888480719045573575e-02 -1.205784576666923125e-01 -1.845159803420614031e-01 -2.828511073362881545e-01 -4.347886570346625734e-01 -6.713028439586907758e-01 -1.044091702626028573e+00 -1.644880584565075354e+00 -2.657874955601743139e+00
-5.378068030734096255e-02 -8.215077111091420581e-02 -1.255815996623627917e-01 -1.921981529658679799e-01 -2.946899543314758785e-01 -4.531396582260652228e-01 -7.000199936605201456e-01 -1.089768018851999809e+00 -1.719762940302741017e+00 -2.789207326859294511e+00
-5.600436011213674042e-02 -8.555253562771014675e-02 -1.307937165596679552e-01 -2.002034557984446461e-01 -3.070322637421947776e-01 -4.722847901632107881e-01 -7.300157088996716004e-01 -1.137578910482185401e+00 -1.798473632989422422e+00 -2.928771748175419187e+00
-5.832025252837231416e-02 -8.909579723552274455e-02 -1.362236555684266104e-01 -2.085457662257940159e-01 -3.199001482850137856e-01 -4.922602005833364158e-01 -7.613516868602197007e-01 -1.187638203714705520e+00 -1.881258807103176389e+00 -3.077387380910529213e+00
-6.073220437958825463e-02 -9.278649565451362047e-02 -1.418806487236378144e-01 -2.172395827475140373e-01 -3.333167551554150898e-01 -5.131038494704578401e-01 -7.940930780968716851e-01 -1.240067362620363767e+00 -1.968387375063024525e+00 -3.236025264204603680e+00
-6.324422491904957422e-02 -9.663082458363898841e-02 -1.477743305205954372e-01 -2.263000550139574463e-01 -3.473063202365241908e-01 -5.348556160325151909e-01 -8.283087297865813214e-01 -1.294996191338994018e+00 -2.060154225788715543e+00 -3.405858652162102373e+00
-6.586049285523490338e-02 -1.006352429612480670e-01 -1.539147564369392485e-01 -2.357430155173920461e-01 -3.618942256918922795e-01 -5.575574135958696331e-01 -8.640714516194392125e-01 -1.352563625896531896e+00 -2.156884092561773159e+00 -3.588340314452351354e+00
-6.858536369550768952e-02 -1.048064867596534555e-01 -1.603124223931583769e-01 -2.455850130464020675e-01 -3.771070612049003401e-01 -5.812533131669778141e-01 -9.014583070832981049e-01 -1.412918630859621771e+00 -2.258936265218383532e+00 -3.785328872450513416e+00
-7.142337742363384645e-02 -1.091515813420062958e-01 -1.669782852066705181e-01 -2.558433480216283917e-01 -3.929726891526830745e-01 -6.059896764999161967e-01 -9.405509333180328557e-01 -1.476221219327336520e+00 -2.366710399447993218e+00 -3.999313513900672135e+00
-7.437926652762880120e-02 -1.136778544115494838e-01 -1.739237840985057848e-01 -2.665361098406721085e-01 -4.095203140307036027e-01 -6.318152996099186680e-01 -9.814358932151544535e-01 -1.542643618913562831e+00 -2.480653775148537132e+00 -4.233865948108174848e+00
-7.745796439539665013e-02 -1.183929495852368285e-01 -1.811608633158281467e-01 -2.776822163706574864e-01 -4.267805564757486958e-01 -6.587815677895454414e-01 -1.024205064034050983e+00 -1.612371611677140937e+00 -2.601270504545366791e+00 -4.494749915853700095e+00
-8.066461409658062798e-02 -1.233048406257096913e-01 -1.887019959381526224e-01 -2.893014557387012520e-01 -4.447855322705082659e-01 -6.869426233179312113e-01 -1.068956067519166053e+00 -1.685606082793325466e+00 -2.729133420140777311e+00 -4.794058552575924281e+00
-8.400457757012975979e-02 -1.284218463678581112e-01 -1.965602089400871055e-01 -3.014145305835379540e-01 -4.635689367527153215e-01 -7.163555472079373709e-01 -1.115792747360535575e+00 -1.762564821664859505e+00 -2.864899737596383389e+00 -5.166676478564121489e+00
-8.748344523817899732e-02 -1.337526463784732833e-01 -2.047491095888975821e-01 -3.140431049458412560e-01 -4.831661350965778534e-01 -7.470805565146865224e-01 -1.164825700878497683e+00 -1.843484630901576882e+00 -3.009332191447655180e+00 -5.551003809381250598e+00
-9.110704606810393624e-02 -1.393062973901222357e-01 -2.132829132610990497e-01 -3.272098539906274084e-01 -5.036142589847586448e-01 -7.791812189363104268e-01 -1.216172873077110417e+00 -1.928623814242128587e+00 -3.163328381205193551e+00 -5.919280833551934684e+00
-9.488145810584996953e-02 -1.450922505530704287e-01 -2.221764727687914609e-01 -3.409385167727029264e-01 -5.249523102462413382e-01 -8.127246866793707003e-01 -1.269960222758390600e+00 -2.018265135639917052e+00 -3.327962954392079897e+00 -6.282771288630883966e+00
-9.881301950503348919e-02 -1.511203695520302870e-01 -2.314453092934964096e-01 -3.552539522755343571e-01 -5.472212721001162850e-01 -8.477819518439165813e-01 -1.326322472296948218e+00 -2.112719370750595349e+00 -3.504550910989627344e+00 -6.650761329500594954e+00
-1.029083400778317559e-01 -1.574009496377662687e-01 -2.411056450330313350e-01 -3.701821989756328701e-01 -5.704642287188319560e-01 -8.844281259147662722e-01 -1.385403955042312951e+00 -2.212329612525262945e+00 -3.694747986646680804e+00 -6.982608144829190344e+00
-1.071743133951997967e-01 -1.639447376270016521e-01 -2.511744376754371233e-01 -3.857505382085780199e-01 -5.947264939081291502e-01 -9.227427463364542559e-01 -1.447359577277097742e+00 -2.317476550087818499e+00 -3.900721929463129012e+00 -7.324130908186174516e+00
-1.116181294657116324e-01 -1.707629529278626712e-01 -2.616694168232788775e-01 -4.019875616397409201e-01 -6.200557497964491738e-01 -9.628101136119449066e-01 -1.512355915391677019e+00 -2.428585023383965869e+00 -4.125476391862597403e+00 -7.658153193866407804e+00
-1.162472880241348372e-01 -1.778673096521638242e-01 -2.726091225018988373e-01 -4.189232431727861750e-01 -6.465021965360499001e-01 -1.004719662915243950e+00 -1.580572473682035683e+00 -2.546132279643627427e+00 -4.373567808513748822e+00 -7.965939416568527776e+00
-1.210696124628015680e-01 -1.852700398802542003e-01 -2.840129458964304465e-01 -4.365890156626839325e-01 -6.741187141436938424e-01 -1.048566374865221418e+00 -1.652203134268180662e+00 -2.670658545764349689e+00 -4.653213106646004960e+00 -8.259541986003792857e+00
-1.260932644409796799e-01 -1.929839181489725053e-01 -2.959011724748256689e-01 -4.550178528377148979e-01 -7.029610377535105981e-01 -1.094451230896897886e+00 -1.727457838526128331e+00 -2.802780825627598116e+00 -4.992210129817763686e+00 -8.567291853823288506e+00
-1.313267592097012715e-01 -2.010222872384853365e-01 -3.082950276678125823e-01 -4.742443568774027396e-01 -7.330879477218441576e-01 -1.142481719618820835e+00 -1.806564549773617578e+00 -2.943211309985718671e+00 -5.374471074362795697e+00 -8.854153826708964559e+00
-1.367789816919912083e-01 -2.093990853394965823e-01 -3.212167252918510241e-01 -4.943048521411270713e-01 -7.645614762177350698e-01 -1.192772401701108320e+00 -1.889771560671245965e+00 -3.092782595308073645e+00 -5.768084783262244386e+00 -9.125129523792873343e+00
-1.424592033610516950e-01 -2.181288746885353402e-01 -3.346895189179077690e-01 -5.152374855961955324e-01 -7.974471321581171335e-01 -1.245445542250349202e+00 -1.977350227234246693e+00 -3.252483341620854507e+00 -6.120472385629113887e+00 -9.398419115263456192e+00
-1.483770999618486131e-01 -2.272268717658340320e-01 -3.487377564074433667e-01 -5.370823345552786510e-01 -8.318141466100364978e-01 -1.300631821362283169e+00 -2.069598236467962149e+00 -3.423510692563941582e+00 -6.476962770528894353e+00 -9.655467776408716674e+00
-1.545427701246366026e-01 -2.367089791577586533e-01 -3.633869378576457532e-01 -5.598815224025118775e-01 -8.677357410905524038e-01 -1.358471135689508280e+00 -2.166843549406334279e+00 -3.607351217404417554e+00 -6.829784878982263940e+00 -9.899303913318203030e+00
-1.609667549222688065e-01 -2.465918191938725468e-01 -3.786637772208825692e-01 -5.836793430664430904e-01 -9.052894215578330961e-01 -1.419113506536387792e+00 -2.269449210295960917e+00 -3.805914165139762328e+00 -7.171493617232395756e+00 -1.014208717833489182e+01
-1.676600584268246874e-01 -2.568927694776800830e-01 -3.945962678889790576e-01 -6.085223950880528365e-01 -9.445573013155289521e-01 -1.482720113352991254e+00 -2.377819282972919446e+00 -4.021770912181410473e+00 -7.507974237327572631e+00 -1.036721771040000206e+01
-1.746341693249504612e-01 -2.676300004398734500e-01 -4.112137525614253386e-01 -6.344597262349482847e-01 -9.856264565610797224e-01 -1.549464475754885662e+00 -2.492406278642163464e+00 -4.258644070020643824e+00 -7.817995724940669078e+00 -1.059286429512745364e+01
-1.819010836556206046e-01 -2.788225150537174124e-01 -4.285469977486714432e-01 -6.615429897308912066e-01 -1.028589318914832740e+00 -1.619533812633054293e+00 -2.613720594405527731e+00 -4.522641566675924985e+00 -8.135512304687839702e+00 -1.087253540005064956e+01
-1.894733287386437537e-01 -2.904901908640718511e-01 -4.466282732974307113e-01 -6.898266133055793725e-01 -1.073544109993061824e+00 -1.693130613934452855e+00 -2.742342721793318283e+00 -4.827218693723062337e+00 -8.429128918862780040e+00 -1.098311613014289101e+01
-1.973639883672699546e-01 -3.026538244946402889e-01 -4.654914373652122017e-01 -7.193679824261953737e-01 -1.120595323962366496e+00 -1.770474469842458598e+00 -2.878939367692972873e+00 -5.205447297255950012e+00 -8.720455764203649096e+00 -1.116852141415869859e+01
-2.055867293437638188e-01 -3.153351788125280386e-01 -4.851720273166048591e-01 -7.502276392535821570e-01 -1.169854265071656796e+00 -1.851804214152865224e+00 -3.024285265310776349e+00 -5.586485944944605819e+00 -9.010373851117904564e+00 -1.134270740065246130e+01
-2.141558294427841347e-01 -3.285570329451470428e-01 -5.057073570649431860e-01 -7.824694990763743085e-01 -1.221439648447142146e+00 -1.937380454754405346e+00 -3.179293553668055328e+00 -5.913133995144928434e+00 -9.277944901933196320e+00 -1.140635001517767577e+01
-2.230862068939369058e-01 -3.423432353622990476e-01 -5.271366214408311768e-01 -8.161610862218611206e-01 -1.275478274015545033e+00 -2.027488585935675935e+00 -3.345059615951644805e+00 -6.327913431847154158e+00 -9.534904709582319171e+00 -1.165997724912184097e+01
-2.323934514820407971e-01 -3.567187602558811732e-01 -5.495010082344652380e-01 -8.513737917293158208e-01 -1.332105785369281481e+00 -2.122442407214173876e+00 -3.522927190821643073e+00 -6.695629939182937029e+00 -9.793409094015018468e+00 -1.179181515454678042e+01
-2.420938573714263298e-01 -3.717097674715788558e-01 -5.728438186332054372e-01 -8.881831554086314640e-01 -1.391467527807739968e+00 -2.222588515259160236e+00 -3.714593876961201246e+00 -7.015134140727820267e+00 -1.003114481120394252e+01 -1.194169312300129171e+01
-2.522044577691903156e-01 -3.873436662712612666e-01 -5.972105968605854187e-01 -9.266691753045176450e-01 -1.453719522817926268e+00 -2.328311695071223930e+00 -3.922292719223837931e+00 -7.353441062601765665e+00 -1.026662126794812480e+01 -1.200288702660588669e+01
-2.627430615517042933e-01 -4.036491832319645812e-01 -6.226492699198593606e-01 -9.669166480571029787e-01 -1.519029580079484187e+00 -2.440041623146058214e+00 -4.149139973009162041e+00 -7.678068177933251803e+00 -1.048338951518704576e+01 -1.216861715165820179e+01
-2.737282919890293709e-01 -4.206564346177506519e-01 -6.492102984560902401e-01 -1.009015544209658444e+00 -1.587578572942862642e+00 -2.558261324047662821e+00 -4.399920876375371215e+00 -7.977028595621087348e+00 -1.066608977612475684e+01 -1.225706551534094224e+01
-2.851796277132424562e-01 -4.383970035947586941e-01 -6.769468398782160223e-01 -1.053061423183209611e+00 -1.659561909577407457e+00 -2.683518018258815196e+00 -4.683501391901613964e+00 -8.301632665676013545e+00 -1.087579602602091455e+01 -1.235043440856047781e+01
-2.971174460892264668e-01 -4.569040226979467767e-01 -7.059149250293486055e-01 -1.099155893441621457e+00 -1.735191240094078546e+00 -2.816437308208064039e+00 -5.030253601043317424e+00 -8.590372303691522049e+00 -1.110548408018901689e+01 -1.243236606510668452e+01
-3.095630691602906381e-01 -4.762122620009849316e-01 -7.361736498632168724e-01 -1.147407124341440099e+00 -1.814696450585000287e+00 -2.957742152806542180e+00 -5.414786539608808624e+00 -8.877075794386261265e+00 -1.127065519288736795e+01 -1.247341594674916898e+01
-3.225388123562916154e-01 -4.963582234891721900e-01 -7.677853837814277993e-01 -1.197930417339753584e+00 -1.898328009146172501e+00 -3.108278935261744369e+00 -5.786154322620233437e+00 -9.151250485236870347e+00 -1.144286935951093120e+01 -1.254316593901875621e+01
-3.360680361688438422e-01 -5.173802421899228454e-01 -8.008159965151697701e-01 -1.250848845673931509e+00 -1.986359747949935972e+00 -3.269054451607177114e+00 -6.156371864152611728e+00 -9.393393774427735821e+00 -1.157524502316471171e+01 -1.258509171435857255e+01
-3.501752010169743579e-01 -5.393185946772764972e-01 -8.353351057022776471e-01 -1.306293973398571673e+00 -2.079092191362525099e+00 -3.441290526434273911e+00 -6.512374062742991576e+00 -9.654180823958437685e+00 -1.174891008039734430e+01 -1.261730867482739527e+01
-3.648859255474613539e-01 -5.622156156371715952e-01 -8.714163476240444073e-01 -1.364406666858412498e+00 -2.176856576050254510e+00 -3.626508821626787782e+00 -6.840238367835602240e+00 -9.926327272669976054e+00 -1.187645871154989585e+01 -1.263355240831163151e+01
-3.802270486372432146e-01 -5.861158232601464402e-01 -9.091376739349299463e-01 -1.425338014411521970e+00 -2.280019759738906693e+00 -3.826671508548128653e+00 -7.215078916107140472e+00 -1.013884506804439845e+01 -1.198849220062562715e+01 -1.264014807876779045e+01
-3.962266953912243483e-01 -6.110660543193461303e-01 -9.485816776542778106e-01 -1.489250373655771842e+00 -2.388990288269408957e+00 -4.044436734389342369e+00 -7.515367785643909393e+00 -1.038823559498664473e+01 -1.210169411629442138e+01 -1.264205762179949666e+01
-4.129143474576394968e-01 -6.371156098960546466e-01 -9.898359522065856009e-01 -1.556318569770382076e+00 -2.504225997927527203e+00 -4.283689007281868300e+00 -7.857575443532270221e+00 -1.060071321345153095e+01 -1.220356526796206076e+01 -1.262108485491791221e+01
