7.636023077524405761e-03 1.165198775404653955e-02 1.778358095897453542e-02 2.715004474276608293e-02 4.146906206070144485e-02 6.338526622926390908e-02 9.699073416190770458e-02 1.486658421508584293e-01 2.284777012829535547e-01 3.526084586814847710e-01
7.951102483525176318e-03 1.213296414112055403e-02 1.851810178972121759e-02 2.827246310207908245e-02 4.318586214483481622e-02 6.601505864063152151e-02 1.010281720069713812e-01 1.548862103421838332e-01 2.381141925641753754e-01 3.676686915221580865e-01
8.279192901111238900e-03 1.263381812177654002e-02 1.928301588804972461e-02 2.944141257289036723e-02 4.497403899997654692e-02 6.875466922320958019e-02 1.052353586945193736e-01 1.613708660803682970e-01 2.481668674497725657e-01 3.833963521100569039e-01
8.620832466078115486e-03 1.315537318189411234e-02 2.007958553527778786e-02 3.065883306642133016e-02 4.683658580572164221e-02 7.160874456739509120e-02 1.096195757862852421e-01 1.681313880544783035e-01 2.586545639394551843e-01 3.998232256416328623e-01
8.976581643569488470e-03 1.369848709089696755e-02 2.090912583134221792e-02 3.192674629567180539e-02 4.877662344603865552e-02 7.458213306970028211e-02 1.141884297225292944e-01 1.751798929781953063e-01 2.695970504693046554e-01 4.169828172606654393e-01
9.347024160687516028e-03 1.426405334327420643e-02 2.177300693829691339e-02 3.324725930345891201e-02 5.079740614438951751e-02 7.767989414483664201e-02 1.189498674075080697e-01 1.825290633161069931e-01 2.810150789604916599e-01 4.349104648144129226e-01
9.732767978567554920e-03 1.485300266191477009e-02 2.267265642192903968e-02 3.462256814929450671e-02 5.290232736342717623e-02 8.090730789678123036e-02 1.239121926375300053e-01 1.901921766808048753e-01 2.929304415432015252e-01 4.536434609111593685e-01
1.013444630563039260e-02 1.546630456600677807e-02 2.360956169602289670e-02 3.605496176281591802e-02 5.509492598304087385e-02 8.426988527496903636e-02 1.290840834253171032e-01 1.981831370227668532e-01 3.053660312702075608e-01 4.732211852370538097e-01
1.055271865380319474e-02 1.610496900638440365e-02 2.458527257402914543e-02 3.754682597190615173e-02 5.737889277134767402e-02 8.777337874351430480e-02 1.344746102785064346e-01 2.065165077457740139e-01 3.183459071671091989e-01 4.936852482095293038e-01
1.098827193958211434e-02 1.677004807134309383e-02 2.560140393314024737e-02 3.910064771408892220e-02 5.975807716411583176e-02 9.142379349326762439e-02 1.400932554946109354e-01 2.152075468925063184e-01 3.318953640027967888e-01 5.150796471815080046e-01
1.144182163189547824e-02 1.746263776608889678e-02 2.665963849602816238e-02 4.071901944026001807e-02 6.223649436905661497e-02 9.522739922856966743e-02 1.459499335396612363e-01 2.242722445581085966e-01 3.460410072047829799e-01 5.374509365680020245e-01
1.191411294881662176e-02 1.818387986914066570e-02 2.776172973577198042e-02 4.240464372032485413e-02 6.481833281244088474e-02 9.919074256278666291e-02 1.520550125830991972e-01 2.337273627040771518e-01 3.608108333902826370e-01 5.608484134481669381e-01
1.240592210527000430e-02 1.893496386916555807e-02 2.890950490979036711e-02 4.416033806085360031e-02 6.750796194659107463e-02 1.033206600591208835e-01 1.584193372673587397e-01 2.435904775609599171e-01 3.762343170361050482e-01 5.853243204055900151e-01
1.291805761397423966e-02 1.971712898589796092e-02 3.010486822889799768e-02 4.598903994544289303e-02 7.030994043797590687e-02 1.076242919557987010e-01 1.650542527969829087e-01 2.538800248262822468e-01 3.923425038693902911e-01 6.109340676127121839e-01
1.345136164196947953e-02 2.053166627897153734e-02 3.134980416792762514e-02 4.789381210908755931e-02 7.322902475689758994e-02 1.121090966175682102e-01 1.719716304391670503e-01 2.646153478840396200e-01 4.091681116280201924e-01 6.377364764479407366e-01
1.400671142518728797e-02 2.137992084868360967e-02 3.264638092470219244e-02 4.987784805852506914e-02 7.627017819112312524e-02 1.167828657585134322e-01 1.791838945353470547e-01 2.758167492942917298e-01 4.267456389153551077e-01 6.657940472636363349e-01
1.458502074363624348e-02 2.226329413291100803e-02 3.399675403450463235e-02 5.194447785121669714e-02 7.943858030727404818e-02 1.216537404845321885e-01 1.867040511319451035e-01 2.875055458261486785e-01 4.451114829601773293e-01 6.951732543088454674e-01
1.518724145989823297e-02 2.318324630460745495e-02 3.540317014757815572e-02 5.409717414638048200e-02 8.273963688536702110e-02 1.267302282074567743e-01 1.945457183477398155e-01 2.997041273350931623e-01 4.643040671910508288e-01 7.259448712634061218e-01
1.581436512375867381e-02 2.414129877453661741e-02 3.686797097760172864e-02 5.633955854229534543e-02 8.617899035360138127e-02 1.320212204867582950e-01 2.027231586056328083e-01 3.124360198165389568e-01 4.843639796466501224e-01 7.581843313734345502e-01
1.646742464592797911e-02 2.513903680412971423e-02 3.839359742951901910e-02 5.867540821495415004e-02 8.976253075232358547e-02 1.375360118590852609e-01 2.112513128679530394e-01 3.257259530022122429e-01 5.053341233723029902e-01 7.919721268088565358e-01
1.714749604395416835e-02 2.617811223360786213e-02 3.998259391556525238e-02 6.110866287406749309e-02 9.349640725808645858e-02 1.432843197205994068e-01 2.201458370270141796e-01 3.395999329049165238e-01 5.272598801007798430e-01 8.273942526122075591e-01
1.785570026357548995e-02 2.726024633077218234e-02 4.163761286882899232e-02 6.364343205340559917e-02 9.738704030086557661e-02 1.492763053322123390e-01 2.294231406165351816e-01 3.540853197610641656e-01 5.501892886855028753e-01 8.645427014999956805e-01
1.859320507891957380e-02 2.838723276614547181e-02 4.336141946421193799e-02 6.628400275352752669e-02 1.014411343098179513e-01 1.555225960234549731e-01 2.391004280249461322e-01 3.692109118697731729e-01 5.741732399507823992e-01 9.035160168454594576e-01
1.936122707512184446e-02 2.956094072044535004e-02 4.515689655721168844e-02 6.903484745608465256e-02 1.056656911254856834e-01 1.620343086768672725e-01 2.491957424086949646e-01 3.850070358831201300e-01 5.992656898510735353e-01 9.444199124548564583e-01
2.016103371711083433e-02 3.078331813068324596e-02 4.702704985154872869e-02 7.190063253010921251e-02 1.100680241190744174e-01 1.688230745815519351e-01 2.597280125226603120e-01 4.015056441652817831e-01 6.255238930952817800e-01 9.873679692990613432e-01
2.099394550849322319e-02 3.205639508151674616e-02 4.897501330729934349e-02 7.488622705201378182e-02 1.146557730623986721e-01 1.759010657519398113e-01 2.707171027059269153e-01 4.187404199098967994e-01 6.530086596996123038e-01 1.032482421242973736e+00
2.186133824466600373e-02 3.338228734883663673e-02 5.100405480187599622e-02 7.799671206244414290e-02 1.194369197953024375e-01 1.832810228159582333e-01 2.821838662847265256e-01 4.367468907863329419e-01 6.817846372916944730e-01 1.079895044109185465e+00
2.276464536449011519e-02 3.476320010294579876e-02 5.311758205692688334e-02 8.123739028465438994e-02 1.244198047408635044e-01 1.909762845857492231e-01 2.941502026806709358e-01 4.555625519782137700e-01 7.119206224097562874e-01 1.129748165225920475e+00
2.370536040507664061e-02 3.620143177908544119e-02 5.531914884500465507e-02 8.461379633071565431e-02 1.296131443224951552e-01 1.990008194339439318e-01 3.066391185418058662e-01 4.752269995833244831e-01 7.434899045358798197e-01 1.182195814079714857e+00
2.468503956446769371e-02 3.769937812348897466e-02 5.761246149068915967e-02 8.813170742364762056e-02 1.350260493412115959e-01 2.073692586093823509e-01 3.196747932469692910e-01 4.957820754650446582e-01 7.765706471869523453e-01 1.237405039000188722e+00
2.570530437723708359e-02 3.925953642359471946e-02 6.000138568174180620e-02 9.179715466547584690e-02 1.406680443758479837e-01 2.160969316381766425e-01 3.332826491709172112e-01 5.172720247842772512e-01 8.112463110795897769e-01 1.295557420183691466e+00
2.676784450829371165e-02 4.088450993152854818e-02 6.248995360682672168e-02 9.561643488329166218e-02 1.465490882739682588e-01 2.251999039692994253e-01 3.474894271392251488e-01 5.397436676004853107e-01 8.476061252092498277e-01 1.356850816127605164e+00
2.787442067044311467e-02 4.257701249047887715e-02 6.508237143736149422e-02 9.959612308763156341e-02 1.526795958065971792e-01 2.346950170385896928e-01 3.623232675487967902e-01 5.632465861145095065e-01 8.857456126679121855e-01 1.421501389116741176e+00
2.902686767155177039e-02 4.433987337413184543e-02 6.778302717216144746e-02 1.037430855799211099e-01 1.590704605658252724e-01 2.445999309413738332e-01 3.778137976826113631e-01 5.878333293386752700e-01 9.257671792053050464e-01 1.489745966343130945e+00
3.022709759746468675e-02 4.617604234991454226e-02 7.059649886472743607e-02 1.080644937483579288e-01 1.657330791908115386e-01 2.549331699220152014e-01 3.939922258070536198e-01 6.135596372264544573e-01 9.677807739613943916e-01 1.561844807322487982e+00
3.147710313715147701e-02 4.808859497741476557e-02 7.352756325429848916e-02 1.125678385944630100e-01 1.726793770148145890e-01 2.657141709088461923e-01 4.108914427078130815e-01 6.404846865809545875e-01 1.011904633520555041e+00 1.638084866558041863e+00
3.277896105690032008e-02 5.008073815400701512e-02 7.658120482316189970e-02 1.172609460356282274e-01 1.799218352336839633e-01 2.769633353453707092e-01 4.285461313971283825e-01 6.686713613963033431e-01 1.058266122534277764e+00 1.718783664378347620e+00
3.413483583074509997e-02 5.215581592042249637e-02 7.976262530418838648e-02 1.221519930323560488e-01 1.874735197048203739e-01 2.887020845936575930e-01 4.469928858125228333e-01 6.981865506778469621e-01 1.107002686724101848e+00 1.804293910632485565e+00
3.554698343469918365e-02 5.431731553975555765e-02 8.307725366414925317e-02 1.272495245925539253e-01 1.953481114950569864e-01 3.009529192138108433e-01 4.662703394268035151e-01 7.291014772472672600e-01 1.158262937231865575e+00 1.895009068455971057e+00
3.701775531278123088e-02 5.656887386420927921e-02 8.653075659008760412e-02 1.325624717092356852e-01 2.035599393063199092e-01 3.137394824547038441e-01 4.864193048029705757e-01 7.614920615809850357e-01 1.212207889189458321e+00 1.991370102962720434e+00
3.854960252325841108e-02 5.891428400474810201e-02 9.012904950786716773e-02 1.381001702923351782e-01 2.121240139194138785e-01 3.270866283262684471e-01 5.074829252581541938e-01 7.954393253717059187e-01 1.269012382243436043e+00 2.093873738863483602e+00
4.014508007399805040e-02 6.135750231975391905e-02 9.387830816402276124e-02 1.438723811600891300e-01 2.210560648089699987e-01 3.410204946630442935e-01 5.295068399505564738e-01 8.310298402645982518e-01 1.328866716866667907e+00 2.203082661228834560e+00
4.180685145631633098e-02 6.390265573977628455e-02 9.778498080419831262e-02 1.498893111606313389e-01 2.303725790966416609e-01 3.555685816330527160e-01 5.525393638759648063e-01 8.683562281276602235e-01 1.391978547986574721e+00 2.319638249500631577e+00
4.353769338724184507e-02 6.655404944653618704e-02 1.018558009838011619e-01 1.561616355001227974e-01 2.400908430251975645e-01 3.707598361960723343e-01 5.766316844596985902e-01 9.075177203029929363e-01 1.458575087251320346e+00 2.444276659118640449e+00
4.534050077067641737e-02 6.931617492548873549e-02 1.060978010490381679e-01 1.627005213599524436e-01 2.502289861534367499e-01 3.866247430718714462e-01 6.018380766606451493e-01 9.486207845931394766e-01 1.528905677811536190e+00 2.577849393888847818e+00
4.721829188853730180e-02 7.219371841248234389e-02 1.105183263292478374e-01 1.695176528923608705e-01 2.608060284910502236e-01 4.031954228428915599e-01 6.282161387720687218e-01 9.917798303162523865e-01 1.603244821735273273e+00 2.721350004348203289e+00
4.917421383360746218e-02 7.519156975637790452e-02 1.151250500844315239e-01 1.766252576913164285e-01 2.718419308139165547e-01 4.205057378883819696e-01 6.558270514161387288e-01 1.037118003681826384e+00 1.681895761372893983e+00 2.875949301472137343e+00
5.121154819650752810e-02 7.831483172091785461e-02 1.199259892551283735e-01 1.840361348436923283e-01 2.833576484241502325e-01 4.385914069294074569e-01 6.847358625940439536e-01 1.084768088079444803e+00 1.765194743935707855e+00 3.043042661360745083e+00
5.333371701993541714e-02 8.156882975067192287e-02 1.249295210653083993e-01 1.917636846748331236e-01 2.953751886458111930e-01 4.574901290580324353e-01 7.150118020814280051e-01 1.134873526745442618e+00 1.853516135790634456e+00 3.224314919247981859e+00
5.554428903410569413e-02 8.495912222754427312e-02 1.301444005327969389e-01 1.998219403125605365e-01 3.079176723769411761e-01 4.772417182311817774e-01 7.467286289623425999e-01 1.187589588817600239e+00 1.947278603166849198e+00 3.421831575729457953e+00
5.784698618815884569e-02 8.849151124611398522e-02 1.355797789459319558e-01 2.082256012046529436e-01 3.210094000519162494e-01 4.978882493323565361e-01 7.799650166893764558e-01 1.243084704190414946e+00 2.046952644477804117e+00 3.638170663954598538e+00
6.024569049321210762e-02 9.217205393801392033e-02 1.412452233697192583e-01 2.169900687369668013e-01 3.346759224055136372e-01 5.194742170451582819e-01 8.148049807623132246e-01 1.301541998085930407e+00 2.153069854245513781e+00 3.876619907102300644e+00
6.274445119368569912e-02 9.600707437763945917e-02 1.471507372497385668e-01 2.261314841127864406e-01 3.489441164721418520e-01 5.420467089444576114e-01 8.513383549561990282e-01 1.363161063179612054e+00 2.266234431715829167e+00 4.141483645904692423e+00
6.534749228457388537e-02 1.000031761037395578e-01 1.533067821875030434e-01 2.356667686688476704e-01 3.638422673010570096e-01 5.656555943978105461e-01 8.896613230317463872e-01 1.428160015899158974e+00 2.387137637237490395e+00 4.438584991157069837e+00
6.805922039344046437e-02 1.041672552938869151e-01 1.597243009669434832e-01 2.456136668199628836e-01 3.794001559218406205e-01 5.903537310856699083e-01 9.298770140635761461e-01 1.496777894729445002e+00 2.516576175572669438e+00 4.776140545356102329e+00
7.088423304711038986e-02 1.085065146314787288e-01 1.664147419182223919e-01 2.559907918424761952e-01 3.956491541548780022e-01 6.161971911994387208e-01 9.720961709717210741e-01 1.569277472805665763e+00 2.655475894615338284e+00 5.166414183210307876e+00
7.382732734431277088e-02 1.130284779077942586e-01 1.733900847122567257e-01 2.668176747271414628e-01 4.126223269300635654e-01 6.432455096678341144e-01 1.016437903598245374e+00 1.645948575858041441e+00 2.804922808415209357e+00 5.629215053765383558e+00
7.689350905690946203e-02 1.177410054047619697e-01 1.806628676872015504e-01 2.781148163546899310e-01 4.303545428547446705e-01 6.715619571020661205e-01 1.063030539809470376e+00 1.727112021219045390e+00 2.966204417547185557e+00 6.200625460393643706e+00
8.008800218383124725e-02 1.226523101074859790e-01 1.882462168168090033e-01 2.899037432726688790e-01 4.488825938604338317e-01 7.012138405485077719e-01 1.112012590722160965e+00 1.813124326285601828e+00 3.140865840941832410e+00 6.961697327179416028e+00
8.341625898344348644e-02 1.277709747992757661e-01 1.961538764401072332e-01 3.022070673804045371e-01 4.682453248587725714e-01 7.322728356052090604e-01 1.163533849374523754e+00 1.904383378647166225e+00 3.330787816879972052e+00 8.216564895226440512e+00
8.688397051179301556e-02 1.331059700959518199e-01 2.044002418823592238e-01 3.150485498606162005e-01 4.884837744526442926e-01 7.648153540100304237e-01 1.217756646153474787e+00 2.001335319553689818e+00 3.538297987167164038e+00 9.689062021898386945e+00
9.049707769605205843e-02 1.386666734805894197e-01 2.130003941088569330e-01 3.284531697317031873e-01 5.096413278806282143e-01 7.989229514605926674e-01 1.274857289262441906e+00 2.104482974153561337e+00 3.766334667573022266e+00 9.465364249225462601e+00
9.426178297449221144e-02 1.444628894046527390e-01 2.219701365659303149e-01 3.424471974346139369e-01 5.317638835249357543e-01 8.346827812012798109e-01 1.335027724752563705e+00 2.214396275955079929e+00 4.018696960796861006e+00 9.240952389545686430e+00
9.818456253650091614e-02 1.505048705267114650e-01 2.313260343777438222e-01 3.570582739131005212e-01 5.549000344880602453e-01 8.721880998369007099e-01 1.398477458522336736e+00 2.331725294496433509e+00 4.300444370569253216e+00 9.015331473114013505e+00
1.022721791985125306e-01 1.568033401656550307e-01 2.410854560831723337e-01 3.723154956967698048e-01 5.791012669455745110e-01 9.115388329397935419e-01 1.465435792725303665e+00 2.457216708011609629e+00 4.618572232472536676e+00 8.788306761158231950e+00
1.065316959542856046e-01 1.633695160515973854e-01 2.512666181145177813e-01 3.882495065535355727e-01 6.044221772167518436e-01 9.528422093492785461e-01 1.536154441903830214e+00 2.591734904838839615e+00 4.983238899434804914e+00 8.562398589201361432e+00
1.109704902407280536e-01 1.702151354645393966e-01 2.618886322392176558e-01 4.048925963428025576e-01 6.309207097668058095e-01 9.962134746725621604e-01 1.610910610838532930e+00 2.736289410341122164e+00 5.410221800443901330e+00 8.329402631965027837e+00
1.155962689634851132e-01 1.773524818584048812e-01 2.729715562073061763e-01 4.222788077741618240e-01 6.586584186716650802e-01 1.041776696452282769e+00 1.690010637886002698e+00 2.892071124176710750e+00 5.926556129252679384e+00 8.098897126330118823e+00
1.204170843297751869e-01 1.847944130763661541e-01 2.845364478714728640e-01 4.404440518598607968e-01 6.877007554469135586e-01 1.089665675854445848e+00 1.773794336324245435e+00 3.060501095988705345e+00 6.586574955527460418e+00 7.866511888635262295e+00
1.254413505395160777e-01 1.925543912724992923e-01 2.966054230734548325e-01 4.594262329444349646e-01 7.181173865773432530e-01 1.140024983663197045e+00 1.862640204571631930e+00 3.243297589051872265e+00 7.540429695218582751e+00 7.632801340893706765e+00
1.306778613896598107e-01 2.006465146648699627e-01 3.092017176205908990e-01 4.792653843035404315e-01 7.499825445953880454e-01 1.193011141990758972e+00 1.956971727894808000e+00 3.442570584130838274e+00 9.789096729495154747e+00 7.397760404307682336e+00
1.361358088508732023e-01 2.090855512562434515e-01 3.223497537100783461e-01 5.000038154283800163e-01 7.833754171612483663e-01 1.248793977611205364e+00 2.057265064944192368e+00 3.660958838064796161e+00 9.566402348587050852e+00 7.161384277685463928e+00
1.418248026803113349e-01 2.178869746708700927e-01 3.360752111963126731e-01 5.216862722548530895e-01 8.183805793144616203e-01 1.307558178455330955e+00 2.164058510444973660e+00 3.901835562343785035e+00 9.342167536453152010e+00 6.923668503413885844e+00
1.477548911392574937e-01 2.270670022693477841e-01 3.504051041392477472e-01 5.443601117607657081e-01 8.550884749200822199e-01 1.369505091892312398e+00 2.277964263189819150e+00 4.169630060633362945e+00 9.117103785717937114e+00 6.684609096381009863e+00
1.539365828899068867e-01 2.366426357185822116e-01 3.653678631196558002e-01 5.680754925438962211e-01 8.935959543529594651e-01 1.434854812416621606e+00 2.399683225534495090e+00 4.470356906568866862e+00 8.890607103537053746e+00 6.444202752071610973e+00
1.603808701515919977e-01 2.466317042105161117e-01 3.809934238612806556e-01 5.928855832128702152e-01 9.340068766886095997e-01 1.503848617857409087e+00 2.530023847512464563e+00 4.812544397784515482e+00 8.663096150552586749e+00 6.202447249157629017e+00
1.670992532033403200e-01 2.570529105417942994e-01 3.973133227610844420e-01 6.188467906770735993e-01 9.764327861468276026e-01 1.576751828054204996e+00 2.669926454932943116e+00 5.209006873044290664e+00 8.432586478733156810e+00 5.959342232202565981e+00
1.741037663269015545e-01 2.679258802871186673e-01 4.143607999981627210e-01 6.460190107177432584e-01 1.020993674325173961e+00 1.653857179233064745e+00 2.820495148452715206e+00 5.680644738315138831e+00 8.202604492051818852e+00 5.714890870076203555e+00
1.814070052923218712e-01 2.792712143219641674e-01 4.321709109706728391e-01 6.744659035677766923e-01 1.067818841941207353e+00 1.735488832658116376e+00 2.983040369710306283e+00 6.266127770128536056e+00 7.971248939787798804e+00 5.469103887311014489e+00
1.890221564968936341e-01 2.911105449759254227e-01 4.507806468998159510e-01 7.042551976323563334e-01 1.117047876474498214e+00 1.822007169770156310e+00 3.159136848421299604e+00 7.054996334933211877e+00 7.738135424783855854e+00 5.222010996761639490e+00
1.969630278779337940e-01 3.034665961265605172e-01 4.702290655422076693e-01 7.354590249578702998e-01 1.168831765390704547e+00 1.913814571175639356e+00 3.350704323827978115e+00 8.421437709416824902e+00 7.503693774519696547e+00 4.972855870849585358e+00
2.052440817304523879e-01 3.163632475756160689e-01 4.905574330689659313e-01 7.681542926172677532e-01 1.223334168708138048e+00 2.011362438198847524e+00 3.560123041394875010e+00 9.666605303974220575e+00 7.267919058627327900e+00 4.722822181888929549e+00
2.138804695724997873e-01 3.298256040854493087e-01 5.118093783039581179e-01 8.024230948436450461e-01 1.280732879752659592e+00 2.115159800175590910e+00 3.790404302640415501e+00 9.443048356546391631e+00 7.030806651332781598e+00 4.471396515098675195e+00
2.228880692139214026e-01 3.438800694938010660e-01 5.340310606677667327e-01 8.383531715325205358e-01 1.341221509330722705e+00 2.225783968645711042e+00 4.045452004503994559e+00 9.218621873342701889e+00 6.792352333577703405e+00 4.218576714417203277e+00
2.322835241985944377e-01 3.585544263705176538e-01 5.572713533515217810e-01 8.760384196742733165e-01 1.405011436622493282e+00 2.343893867011851206e+00 4.330482630922097620e+00 8.992681360360670340e+00 6.552552464939893184e+00 3.964358789742270517e+00
2.420842858061060254e-01 3.738779217310393421e-01 5.815820434499345826e-01 9.155794654058422299e-01 1.472334080381145771e+00 2.470246905945411964e+00 4.652739686371337946e+00 8.765547615832044670e+00 6.311404262774921392e+00 3.708738868053984561e+00
2.523086578164774885e-01 3.898813593793758470e-01 6.070180510206034663e-01 9.570843057280946642e-01 1.543443557234411401e+00 2.605720630583695296e+00 5.022802677062156107e+00 8.536795545207962022e+00 6.068906401351910063e+00 3.451713191776086376e+00
2.629758442611471736e-01 4.065971995188340515e-01 6.336376693129530668e-01 1.000669030576770702e+00 1.618619811000552522e+00 2.751340900493688846e+00 5.457237246974799838e+00 8.306389742123961639e+00 5.825060155815904750e+00 3.193278103401837598e+00
2.741060004052638388e-01 4.240596663431440705e-01 6.615028287322164413e-01 1.046458637929936542e+00 1.698172319316322065e+00 2.908319187172438536e+00 5.984784015850133976e+00 8.075718091200119630e+00 5.579872091032989090e+00 2.933430069305181576e+00
2.857202872306895403e-01 4.423048644052151035e-01 6.906793874805027267e-01 1.094587957072398643e+00 1.782444513446985068e+00 3.078102877153254813e+00 6.664474355301017283e+00 7.843200559229636326e+00 5.333360993400219741e+00 2.672165668321476062e+00
2.978409297163088776e-01 4.613709046571223826e-01 7.212374522588765879e-01 1.145202698131959629e+00 1.871819086640366336e+00 3.262444594823891375e+00 7.668190863393902212e+00 7.609357195540475516e+00 5.085580339321055021e+00 2.409481581102873804e+00
3.104912792426752777e-01 4.812980411650626955e-01 7.532517329347030444e-01 1.198460649702765668e+00 1.966724419747334807e+00 3.463500151224347068e+00 9.766879418052548445e+00 7.374182951990974288e+00 4.835507805841871232e+00 2.145374606885198432e+00
3.236958804821201685e-01 5.021288196290605299e-01 7.868019356933625419e-01 1.254533050971749830e+00 2.067642425851965005e+00 3.683971046845696318e+00 9.544138742646030238e+00 7.137673054663210337e+00 4.584710348120587753e+00 1.879841659340939941e+00
3.374805431737399886e-01 5.239082389819565977e-01 8.219731999228159225e-01 1.313606170522265026e+00 2.175118216972964369e+00 3.927319127583285052e+00 9.319700073294230336e+00 6.899823086924605775e+00 4.332518406410301282e+00 1.612879764766688595e+00
3.518724192257421945e-01 5.466839275087658212e-01 8.588565849481755166e-01 1.375883131245655200e+00 2.289772138623705544e+00 4.198103807439037105e+00 9.094509553349496400e+00 6.660629120854224539e+00 4.078930123824051179e+00 1.344486052740492710e+00
3.669000856361416818e-01 5.705063351196812960e-01 8.975496137723321111e-01 1.441586030004734287e+00 2.412314922443989929e+00 4.502540081886436063e+00 8.867892034328750839e+00 6.420087938397976757e+00 3.823941573286184337e+00 1.074657774226167817e+00
3.825936337775940332e-01 5.954289436324409213e-01 9.381568822266541652e-01 1.510958412483426105e+00 2.543567005335689579e+00 4.849484837345941379e+00 8.640360583769499669e+00 6.178197458295770161e+00 3.567548943723416244e+00 8.033922826300852194e-01
3.989847656541120058e-01 6.215084971778809253e-01 9.807907434417711956e-01 1.584268178872423549e+00 2.684483507523180101e+00 5.252338374826755363e+00 8.409734721069728636e+00 5.934957584563008481e+00 3.309748536256662987e+00 5.306870505618661582e-01
4.161068978076695180e-01 6.488052551429783765e-01 1.025572079374706069e+00 1.661811015855795937e+00 2.836187038152599094e+00 5.733179490617180463e+00 8.179496602341838951e+00 5.690371991783663930e+00 3.050536759998472291e+00 2.565396571249891622e-01
4.339952736324985128e-01 6.773832704165581031e-01 1.072631173354521961e+00 1.743914476419626602e+00 3.000011553495265382e+00 6.333538804998597449e+00 7.947997207238952200e+00 5.444452587909253793e+00 2.789910140974015462e+00 -1.905220583505240484e-02
