2.268940641871780572e-02 3.476252163568102627e-02 5.421076119458965309e-02 8.567834426671426529e-02 1.316210191629223480e-01 2.048298241819801746e-01 3.281423289923955378e-01 5.676101302134310966e-01
2.354647061141482492e-02 3.666628609758517537e-02 5.748906458874979836e-02 8.847428127962203570e-02 1.356804235472902909e-01 2.126665859922746982e-01 3.428704139420272745e-01 5.907808870166197934e-01
2.464095502734610366e-02 3.885608617142550375e-02 6.047461081318813991e-02 9.081447147178181578e-02 1.398169026124816416e-01 2.213437478208030995e-01 3.576697267351053866e-01 6.148964025185594817e-01
2.626286043227000003e-02 4.083858367412983997e-02 6.188103501882429719e-02 9.345352872105719411e-02 1.452768994332971075e-01 2.314572253077537001e-01 3.737941688262400031e-01 6.390686544311148243e-01
2.753770143728262107e-02 4.245774864865262815e-02 6.323070650193360343e-02 9.674402794578282339e-02 1.517350675354581235e-01 2.403526258929374604e-01 3.895887184534303493e-01 6.655359151501575310e-01
2.783247141972369776e-02 4.249668348287075764e-02 6.539888554546126331e-02 1.014021982835422858e-01 1.586351672426458970e-01 2.512786795377761062e-01 4.030557217213265320e-01 6.909435013149159976e-01
2.879837598987632780e-02 4.464968200282330019e-02 6.707427517521649674e-02 1.067566001227820138e-01 1.662977042969693287e-01 2.616897913926227170e-01 4.202681690250314461e-01 7.170560593403326743e-01
2.998002866099676658e-02 4.538422438713878015e-02 7.004447669211383287e-02 1.111368594703894541e-01 1.746746300196339308e-01 2.743945199258367995e-01 4.347938311393481636e-01 7.435782211970664024e-01
3.144609991395378584e-02 4.654331237469370997e-02 7.356818838923903647e-02 1.170688710120881687e-01 1.810931195372074975e-01 2.853939639941266426e-01 4.530003581889462949e-01 7.707440491996383480e-01
3.273082092098981988e-02 4.892376213056577605e-02 7.796551941686544196e-02 1.229516675384119406e-01 1.884154983290298457e-01 2.944549446574127316e-01 4.724129820208561870e-01 8.065845000969565914e-01
3.457615284473512796e-02 5.168622099449345780e-02 8.240728864179941437e-02 1.278794075019751564e-01 1.950211763421112465e-01 3.040575677779527308e-01 4.918783886145487450e-01 8.422882675547656017e-01
3.507789605711965353e-02 5.627114984107511181e-02 8.688765827699104771e-02 1.308666237398051213e-01 2.009856314405336353e-01 3.153609665595265565e-01 5.129757204976703733e-01 8.781121506198421578e-01
3.809913461344185959e-02 5.999939641165170923e-02 8.845673551348184893e-02 1.338811757484353326e-01 2.089347292830588676e-01 3.301216334699100807e-01 5.351696097335396640e-01 9.137610439392310768e-01
4.046810338976516985e-02 6.210211087344496422e-02 9.033789396898453394e-02 1.386265803614728231e-01 2.190507083046588921e-01 3.465438217917530817e-01 5.590445950892491966e-01 9.558460958614302116e-01
4.011313918714458360e-02 6.184954460047065172e-02 9.516373574008096803e-02 1.451616514102474775e-01 2.300657320024656893e-01 3.616691297759009882e-01 5.808303455642470636e-01 9.926428866027600106e-01
4.328175933128734776e-02 6.376459967155413688e-02 9.812662681349235139e-02 1.544478482604076941e-01 2.391368718804947613e-01 3.788802830641006536e-01 6.051221224264573539e-01 1.032362609655300467e+00
4.390398817598240716e-02 6.458577735122320029e-02 1.015944553876717560e-01 1.625459653021113782e-01 2.512435935317410274e-01 3.936135431242633875e-01 6.290228314053384340e-01 1.077214003319633351e+00
4.432343518988833553e-02 6.979142594660318888e-02 1.072872077869633650e-01 1.654393956916661856e-01 2.631105141440985840e-01 4.110305889001600321e-01 6.570806219011977589e-01 1.125065477160271721e+00
4.478109221791057998e-02 7.078273592057203467e-02 1.135295073009998379e-01 1.753799435180732613e-01 2.720955725434700545e-01 4.261897455114181943e-01 6.871352914785099353e-01 1.174483109432746586e+00
4.649904890609903724e-02 7.553965337603479879e-02 1.197283483935295961e-01 1.816312315349606354e-01 2.825948815481581500e-01 4.428126309733905752e-01 7.197988732455372629e-01 1.232728787198714260e+00
4.870962504540586602e-02 8.039070243812612704e-02 1.263146877012995550e-01 1.900940691097587065e-01 2.933769703601148415e-01 4.595160398887931930e-01 7.472039269203192280e-01 1.282710464326215938e+00
5.494003849574709275e-02 8.673322904673996803e-02 1.261654884404546095e-01 1.945235796012639573e-01 3.073535463515452149e-01 4.842405671953705637e-01 7.794064310757702341e-01 1.335444728023944982e+00
6.037767103909091188e-02 8.867511923083956638e-02 1.302098156516247607e-01 2.018732030865053872e-01 3.182260923974535860e-01 5.037600748837811615e-01 8.128122714498855483e-01 1.398415329507924243e+00
6.264145606912308040e-02 8.677605179857234008e-02 1.331446147177503536e-01 2.155684016943980041e-01 3.335225901755800582e-01 5.245811559902734400e-01 8.500327077856427715e-01 1.472412842639118091e+00
6.331972184603482101e-02 9.368551603722029275e-02 1.410567510861608365e-01 2.205819097536531326e-01 3.472826475508372090e-01 5.496306362132444834e-01 8.890125578976323384e-01 1.527930041324297772e+00
6.330366521991562245e-02 9.553184417499351044e-02 1.504835890484018945e-01 2.318832972766529665e-01 3.615823963312870815e-01 5.746659177969540844e-01 9.296640837175680350e-01 1.593140766994421531e+00
6.304239656666842107e-02 1.008773274601730829e-01 1.597064278295072526e-01 2.429905693646384202e-01 3.783216086642236520e-01 5.976592760701575635e-01 9.676311152877297150e-01 1.670270631918487236e+00
6.413403226461146522e-02 1.063325255938105812e-01 1.669237740486219090e-01 2.540010914750484572e-01 3.985865855532582103e-01 6.281640187356674065e-01 1.003934810678413392e+00 1.739410066222554452e+00
6.844971070511546296e-02 1.101565236026908617e-01 1.739555774055679682e-01 2.642091476827026497e-01 4.112795777040483824e-01 6.496658927972711606e-01 1.055756509933334808e+00 1.826435986743252693e+00
7.357966059507284329e-02 1.200085308772078502e-01 1.786336473196950825e-01 2.731553182717647021e-01 4.280198309366080589e-01 6.807087537213871720e-01 1.115136846143667482e+00 1.911417384649812590e+00
7.901316561458299192e-02 1.195421045544860505e-01 1.854629855388266746e-01 2.878758638846151685e-01 4.462510699225583632e-01 7.101530545653119697e-01 1.153946339365745866e+00 2.001381352428202032e+00
8.487423791663616102e-02 1.252550038848343761e-01 1.976808243657385833e-01 2.992505853731264875e-01 4.629009124834840838e-01 7.426592719376374774e-01 1.204132318920286382e+00 2.094524363567049186e+00
8.418636589171042683e-02 1.251917732148834783e-01 2.016105723813964579e-01 3.147107131471426622e-01 4.982903232337472232e-01 7.708081787719566202e-01 1.243511894374725868e+00 2.168042599886859545e+00
9.064292356656143690e-02 1.305014949448775885e-01 2.128696921364964800e-01 3.271142586368370742e-01 5.080648805340506335e-01 8.058168846290973963e-01 1.312174761417742586e+00 2.301050451262879548e+00
9.176542728553903350e-02 1.365571183408711142e-01 2.207706534875659710e-01 3.394341731362618408e-01 5.293085011789487870e-01 8.489591333683200736e-01 1.381567377973804245e+00 2.400925405245122324e+00
9.795979125202423921e-02 1.449141387706301409e-01 2.266253429052988155e-01 3.534128094520410102e-01 5.570763080221330377e-01 8.812983235171851781e-01 1.445190444778434946e+00 2.528255470280741601e+00
9.942678764638510081e-02 1.574988632068381189e-01 2.387031192116147171e-01 3.637417672609036812e-01 5.729642998067582260e-01 9.253690821366719055e-01 1.512876603803912534e+00 2.654729072393045897e+00
1.034578636554404074e-01 1.657483281066404746e-01 2.475495554443505886e-01 3.817502142872697957e-01 6.016351364762744236e-01 9.680149597431206843e-01 1.577729122951404550e+00 2.784347714488034864e+00
1.090004272239866040e-01 1.672199403783219129e-01 2.636696402468212685e-01 4.068226267594460821e-01 6.294257027920675540e-01 9.726769684232959845e-01 1.650266992431625113e+00 2.961759210408705822e+00
1.149034836413174582e-01 1.779439290624977021e-01 2.660701467291047284e-01 4.168139183511135881e-01 6.583819294608382888e-01 1.060817396816944091e+00 1.728451819970613368e+00 3.067122998957240831e+00
1.193992163052673972e-01 1.781394823161103480e-01 2.785268235118384395e-01 4.392483619923487348e-01 6.937029722798629949e-01 1.089776468517028141e+00 1.803956175577215104e+00 3.222741154527739127e+00
1.211549437894697961e-01 1.903438423954329495e-01 2.931037564481563940e-01 4.523042633266385892e-01 7.143119919104519155e-01 1.152026537209226653e+00 1.898469523359950228e+00 3.396100244867149787e+00
1.281808951405145891e-01 1.982339787142241849e-01 3.088594539717482435e-01 4.748298850126332349e-01 7.494588479108311718e-01 1.199109170164915472e+00 1.980306138857778953e+00 3.578596268653942314e+00
1.271594323571887397e-01 2.059169841453975525e-01 3.187572454747980011e-01 4.955076186717268238e-01 7.780864096692313714e-01 1.246789126056591313e+00 2.077190891925467131e+00 3.771550860127311555e+00
1.322930489390639619e-01 2.174766460707657501e-01 3.324526583205245078e-01 5.201224821599439441e-01 8.129124996439901496e-01 1.308568302110444614e+00 2.166113784470593995e+00 3.926350979493903104e+00
1.413463866668477065e-01 2.213399694169891907e-01 3.457487753473062475e-01 5.315032653540294749e-01 8.642185004235972690e-01 1.374630478172978121e+00 2.286141110659630993e+00 4.141834496722217374e+00
1.557253226497077314e-01 2.322644522022410674e-01 3.588046009518914281e-01 5.620309614188410130e-01 8.919874303205491683e-01 1.438190446207908701e+00 2.392289282719237242e+00 4.332299736757398101e+00
1.605784305833398706e-01 2.385552166814000896e-01 3.864569482448727000e-01 5.960002378073675500e-01 9.134593719192865002e-01 1.501784807430409652e+00 2.441633993831357152e+00 4.562530175872955951e+00
1.588876823989579523e-01 2.643917321898172079e-01 3.856450054243203418e-01 6.026124056019250830e-01 9.873422451384845644e-01 1.565602663998883592e+00 2.622224900239819245e+00 4.756228323129871427e+00
1.791334495950945571e-01 2.649016961659329539e-01 4.050210280820012443e-01 6.592968224653226184e-01 1.015049735671763154e+00 1.622948938808587149e+00 2.745702566150304502e+00 5.051800616118891085e+00
1.774607343373125756e-01 2.723273118178708430e-01 4.249291294721891377e-01 6.708074990323691367e-01 1.063744399821497488e+00 1.706378790443478399e+00 2.880351384109064661e+00 5.326360707575873654e+00
1.824358038873506727e-01 2.892614120954380419e-01 4.442540758177719873e-01 6.994732394711935530e-01 1.110526878377668725e+00 1.788148460936662021e+00 3.020124462137087740e+00 5.612396315353770149e+00
1.989350602216406749e-01 2.926792682859636341e-01 4.565253610559751318e-01 7.327049708550086304e-01 1.175628168033380216e+00 1.881445276505001374e+00 3.142685228111746554e+00 5.917108548798292844e+00
2.005947710343355950e-01 3.166984348534205851e-01 4.827360190739856671e-01 7.633676057006496540e-01 1.209322936340555321e+00 1.954659041299590116e+00 3.328601208379406540e+00 6.263398183350298964e+00
2.104376567280605015e-01 3.287959429691530433e-01 5.108100547882555853e-01 7.878704225659315385e-01 1.248221298988677175e+00 2.002078923758911166e+00 3.499303102300285850e+00 6.701082961272725846e+00
2.186804610755866685e-01 3.392748377589684949e-01 5.316729346053437055e-01 8.145032436844386048e-01 1.312597932965214875e+00 2.172786720345810885e+00 3.686498970119489460e+00 7.029250399854362286e+00
2.260106257442892896e-01 3.620807773085700787e-01 5.505302383434425018e-01 8.621374635829752719e-01 1.384443580521392159e+00 2.250552068770810266e+00 3.841019356999178846e+00 7.504255311585465549e+00
2.367271487709345645e-01 3.588144566638691302e-01 5.873844621055213100e-01 9.117350455195825099e-01 1.431068541112372916e+00 2.353035797546902508e+00 4.037770216711710880e+00 8.037771681912051491e+00
2.476289693053308205e-01 3.867716647910321437e-01 6.037124180775338411e-01 9.412136257932839367e-01 1.516089769760979644e+00 2.468820274516684066e+00 4.247402813713710756e+00 8.719576714791715588e+00
2.629869387146762660e-01 4.125346938871256031e-01 6.195843569436385589e-01 9.787606850232168920e-01 1.580926966939890876e+00 2.582767446860493976e+00 4.482246452487617105e+00 9.493930247324948724e+00
2.661759382337214319e-01 4.187508153628357599e-01 6.620220694475200673e-01 1.025667616570647089e+00 1.646382694779960243e+00 2.710266469414631008e+00 4.736340138374777631e+00 1.055560950662263409e+01
2.801694096782058052e-01 4.438480973126276430e-01 6.781734170024472652e-01 1.074072844847812291e+00 1.732767180867279544e+00 2.844649018933300688e+00 4.994311444546259970e+00 1.160845787648159799e+01
2.958757522246159843e-01 4.511450624985983149e-01 7.168134831965934373e-01 1.120415836701951662e+00 1.792301969764560354e+00 2.988770543587655037e+00 5.284842182824857737e+00 1.269242359260952568e+01
3.107786930934897662e-01 4.803012082475103806e-01 7.435181493379361406e-01 1.183438408431302324e+00 1.885578754676169089e+00 3.123307742800216058e+00 5.578681259621051325e+00 1.383009735331315682e+01
3.199451882540325642e-01 4.978724772943911581e-01 7.758447525835894254e-01 1.234695888572703515e+00 1.972154443144526148e+00 3.289781233641728697e+00 5.918429162170097513e+00 1.485104498578668242e+01
3.375827142824253113e-01 5.180210574448570471e-01 8.112708785697041458e-01 1.280774175973262707e+00 2.066326083337188368e+00 3.458473241884689298e+00 6.293363555837606427e+00 1.602515501806377429e+01
3.501046038681301376e-01 5.351477490651370683e-01 8.528392909294983948e-01 1.335648896487090287e+00 2.161893296512069185e+00 3.651277108303580654e+00 6.704187188059552938e+00 1.710904650366801150e+01
3.631481103091392937e-01 5.539909782924441473e-01 8.996721640907665574e-01 1.416613544634572897e+00 2.260508658889840650e+00 3.780886408682855748e+00 7.156685441397343972e+00 1.825241038988936637e+01
3.729271156256040998e-01 5.949851403520839410e-01 9.343180451515066265e-01 1.457682876322472731e+00 2.377352901832401333e+00 4.045898594779282931e+00 7.715826094860783968e+00 1.885373515122309840e+01
4.130205024209549491e-01 6.057202328856824414e-01 9.539168777001919564e-01 1.556338662985038201e+00 2.493995835270653938e+00 4.235752361217099526e+00 8.377989541037941024e+00 2.039188716758095055e+01
4.129549463872918547e-01 6.604688468961753545e-01 1.003858864065982015e+00 1.588212534573761880e+00 2.618544652224355840e+00 4.483242613249124098e+00 9.321041534205425805e+00 2.140645940465046948e+01
4.332675195618468922e-01 6.682895972081325242e-01 1.055094338014526345e+00 1.685560328800060681e+00 2.752757922895551879e+00 4.722474059895348297e+00 1.031402942236746689e+01 2.250549840701123827e+01
4.420665105615310675e-01 7.060232711704270692e-01 1.109389308058677859e+00 1.767698679250230498e+00 2.882901796930027682e+00 4.997693592832924914e+00 1.135805972348189030e+01 2.350431050690315260e+01
4.789211158487576281e-01 7.372220403978593239e-01 1.141256643854003716e+00 1.830677144425145064e+00 3.029746866893371582e+00 5.320543420913717902e+00 1.239086971553799366e+01 2.446050545954083333e+01
4.880774624137598772e-01 7.890147659260946522e-01 1.239678989204807902e+00 1.895701493985626263e+00 3.153628039659108762e+00 5.632858077352888237e+00 1.346642077483311439e+01 2.544869742534526225e+01
5.155005827378693617e-01 7.930026852343181609e-01 1.255942516629308336e+00 2.022878442307193048e+00 3.345506977626254930e+00 5.973554224461765649e+00 1.452748999558340870e+01 2.608809407446624107e+01
5.331393459838061899e-01 8.347305734528485122e-01 1.311327646313031225e+00 2.140852206725209150e+00 3.517968475726810151e+00 6.342396947160484189e+00 1.562123760580487541e+01 2.716550157896475426e+01
5.570975838758959187e-01 8.702132816614075450e-01 1.387152352057059002e+00 2.218272782952701583e+00 3.708281330746104221e+00 6.813710575371371370e+00 1.652996833315576808e+01 2.788666370032092701e+01
5.991074974650126839e-01 8.998699672228444024e-01 1.436190489008857707e+00 2.336925497137464891e+00 3.931718653068960290e+00 7.294572490958517008e+00 1.766739499673985847e+01 2.853172612535072972e+01
5.878392503203597741e-01 9.477455468945948924e-01 1.521399608637302947e+00 2.437192482187536591e+00 4.121682535373001777e+00 7.913557755908915858e+00 1.877170698226715118e+01 2.924010335449633402e+01
6.444199865478557054e-01 9.918793526847843323e-01 1.579199269815536377e+00 2.565097710967999767e+00 4.348863705625287679e+00 8.773933393841261363e+00 1.977922293712932600e+01 2.980874320266469013e+01
6.693041595921054299e-01 1.046015692673517572e+00 1.666793756281092831e+00 2.686792674731373065e+00 4.592730962370523251e+00 9.775228067075289573e+00 2.059093970829157527e+01 2.951673844434701977e+01
7.027737713329318403e-01 1.091527428218435070e+00 1.724878576546351683e+00 2.831973889028597480e+00 4.861663903718994817e+00 1.076190008479132665e+01 2.172653371445635884e+01 2.984991722380924628e+01
7.316296479245227857e-01 1.143609133744979189e+00 1.860993182842217486e+00 2.969311423419163987e+00 5.104318475912877240e+00 1.178903082324773344e+01 2.267873330756535921e+01 2.992241494037007499e+01
7.546475170472002336e-01 1.236813382991722277e+00 1.898895561554620137e+00 3.093021669163729559e+00 5.466292767438830857e+00 1.286171289757642100e+01 2.360835181297008489e+01 2.993754522107188976e+01
7.939992554041997996e-01 1.246504146017273662e+00 1.990832730012736862e+00 3.284085046240069694e+00 5.809469335777293963e+00 1.389328649092385604e+01 2.448596150194704535e+01 3.010368526783602761e+01
8.292674467727807475e-01 1.309053263467869987e+00 2.095560388311817679e+00 3.445657075802933456e+00 6.185603270473639448e+00 1.500211505017887959e+01 2.534481590810089102e+01 3.005158861467625542e+01
8.605835405570914087e-01 1.326093627080692450e+00 2.182915980003266920e+00 3.680614444371857363e+00 6.610379664563443392e+00 1.596834243469372616e+01 2.610775774557003714e+01 2.997213697855222492e+01
8.891548476409929513e-01 1.415027357653038109e+00 2.291869966676076675e+00 3.836424490682432076e+00 7.099754350605699926e+00 1.705511513190166895e+01 2.680426739335458208e+01 3.002923828491092451e+01
9.456472726246850646e-01 1.505352717791183181e+00 2.411616451753556323e+00 4.029581729760016273e+00 7.678450373257933670e+00 1.812159344520407345e+01 2.733295986030443814e+01 3.006799665648780362e+01
9.950390748414006392e-01 1.566017084795180203e+00 2.528446582074886706e+00 4.263996215693898861e+00 8.505816057928672791e+00 1.906846928211987091e+01 2.770573894027095108e+01 3.025466158815727979e+01
1.041389717566674422e+00 1.642306663086220198e+00 2.648943681761170676e+00 4.518221317676658799e+00 9.449138027555143537e+00 2.005553896863214547e+01 2.797269395969403050e+01 3.001565264753708817e+01
1.086045128393825721e+00 1.709311018966503282e+00 2.792115217428746909e+00 4.782374872805483790e+00 1.046757558275197120e+01 2.102934964173964971e+01 2.799061458404528580e+01 3.005184439501058691e+01
1.137789688004233968e+00 1.792912747152047848e+00 2.934758677596114751e+00 5.076977032383254596e+00 1.149995756154148197e+01 2.177846227373408539e+01 2.776295058626016043e+01 3.021301057977451521e+01
1.194038516034788167e+00 1.884662414560852373e+00 3.079781748688510401e+00 5.373545823584875869e+00 1.253288281266364201e+01 2.284970269107018481e+01 2.814557362524180917e+01 3.007091916915276641e+01
1.244290132158373252e+00 1.986615113406523081e+00 3.247670996659203446e+00 5.684757601060139720e+00 1.347514006375410922e+01 2.378937820319124086e+01 2.829995670411732789e+01 2.986374387841705769e+01
1.298692493526451885e+00 2.074534240375234262e+00 3.414398010611478629e+00 6.083066961303343234e+00 1.462871477050740054e+01 2.440630034243742230e+01 2.813798836028055561e+01 3.024850896858762184e+01
1.328717846661268798e+00 2.167608197258308333e+00 3.636518903504691202e+00 6.514818390763367439e+00 1.562217142072178788e+01 2.538912712516101422e+01 2.860617097222632310e+01 2.978219522844340617e+01
1.409339799687415518e+00 2.269683430551792558e+00 3.801465105433975644e+00 6.996916568002077064e+00 1.664014867874910308e+01 2.604212898938524035e+01 2.807110341034558942e+01 3.001113182982081895e+01
1.494840158761302717e+00 2.400687612265303805e+00 4.001297460277593032e+00 7.551798119048626745e+00 1.772697556290356147e+01 2.662609231412481847e+01 2.790810131094028890e+01 3.009179473030726015e+01
