-6.089489723521980188e-03 -9.705930931449422566e-03 -1.566946132253617049e-02 -2.438344006651475479e-02 -3.855844938247404013e-02 -6.055874097912746640e-02 -9.413176858459684770e-02 -1.470424445226302668e-01 -2.326807519369417099e-01 -3.867000550571902395e-01
-6.373019066736918675e-03 -1.025116464091594022e-02 -1.631486221377874066e-02 -2.573248543767413590e-02 -4.058802281791756145e-02 -6.308829308907012989e-02 -9.787531276010683068e-02 -1.528808516191417222e-01 -2.426428208689628829e-01 -4.023216705817146965e-01
-6.668850045047441943e-03 -1.075573931948604206e-02 -1.707280883437135854e-02 -2.716164236964348916e-02 -4.260653339993970140e-02 -6.550553032439583589e-02 -1.016403367252097650e-01 -1.589617794042905430e-01 -2.526564435689210297e-01 -4.185847049121269592e-01
-6.980856587238785937e-03 -1.122981422174123070e-02 -1.806961988086390469e-02 -2.847277177304050749e-02 -4.419716799992307044e-02 -6.793092834415356829e-02 -1.055363033162041164e-01 -1.656573123629829780e-01 -2.633605079317277720e-01 -4.354862997894538568e-01
-7.300008194688071411e-03 -1.169716758286939648e-02 -1.892703769042963086e-02 -2.962377256785607427e-02 -4.562444710235716988e-02 -7.047125103385329381e-02 -1.096903645062173166e-01 -1.719534708553158431e-01 -2.741833789643324804e-01 -4.529575239187158542e-01
-7.630885579698900439e-03 -1.244220641775860281e-02 -1.938237351247113632e-02 -3.038525055497071081e-02 -4.699523629833257665e-02 -7.319951205246637282e-02 -1.139745291341164452e-01 -1.792949545239719000e-01 -2.841536116386766397e-01 -4.710266550791588624e-01
-8.099752037181861750e-03 -1.274784326781323862e-02 -2.025906634401854201e-02 -3.159993122456086767e-02 -4.857931586244330219e-02 -7.667494016529108336e-02 -1.187939021211637247e-01 -1.871661854199540842e-01 -2.962404623761771272e-01 -4.899231882525392212e-01
-8.369289501678145449e-03 -1.339639878402783604e-02 -2.102752382521012181e-02 -3.255862685859755440e-02 -5.060185842854709320e-02 -7.948307863498424441e-02 -1.243533688812814564e-01 -1.953385426036709782e-01 -3.079329864734507982e-01 -5.092937915535437066e-01
-8.754301018073973664e-03 -1.396939760125875257e-02 -2.203154320396558119e-02 -3.362101838168499862e-02 -5.309366719053319750e-02 -8.305009725345559313e-02 -1.295552065506875294e-01 -2.035497709398647048e-01 -3.208220244526872045e-01 -5.289750361574899751e-01
-9.137865319425415161e-03 -1.434455653886303715e-02 -2.295754526384334929e-02 -3.500125610510193552e-02 -5.587632012874211435e-02 -8.691418239909812216e-02 -1.354295305343325428e-01 -2.112396034766724773e-01 -3.348927896098052859e-01 -5.517975035176099219e-01
-9.376972707358535372e-03 -1.523714613210378974e-02 -2.397579279735782137e-02 -3.706021721866770841e-02 -5.876998133500648674e-02 -9.105374483061280666e-02 -1.411122557905646335e-01 -2.194336067813040525e-01 -3.487942420944853406e-01 -5.750664308599831021e-01
-1.002263636738637970e-02 -1.594079526252219908e-02 -2.483330359150357630e-02 -3.969972519542059458e-02 -6.151920375289982035e-02 -9.495452188556056938e-02 -1.463798036944585212e-01 -2.281069299884718460e-01 -3.629695523490306108e-01 -5.988653935835165365e-01
-1.048679476819400214e-02 -1.666027963651593724e-02 -2.657309604942502054e-02 -4.199335812143556446e-02 -6.392149548845071916e-02 -9.852096565966385333e-02 -1.521383811857422996e-01 -2.379056553469592883e-01 -3.780988830732369688e-01 -6.237158738990793427e-01
-1.097551502588026140e-02 -1.739139511103404007e-02 -2.806204756822556698e-02 -4.361228636871081893e-02 -6.620471391068573352e-02 -1.021435091879993873e-01 -1.586927907504306623e-01 -2.484620117222952340e-01 -3.947338420103360113e-01 -6.520414744193437917e-01
-1.143371399347496015e-02 -1.864973657778499008e-02 -2.837037276138046349e-02 -4.476398874242817211e-02 -6.855061674052578824e-02 -1.060544637823104819e-01 -1.656894813637891373e-01 -2.587592074654687657e-01 -4.109289606020269381e-01 -6.778750929199677255e-01
-1.193991096799772514e-02 -1.891673861205295931e-02 -3.021443157454128253e-02 -4.583956958448694857e-02 -7.164567400690474708e-02 -1.110508832944369084e-01 -1.726145754675581512e-01 -2.710225583659461868e-01 -4.281105827142847597e-01 -7.069089935537400393e-01
-1.250989735337088016e-02 -1.980661600981199061e-02 -3.104713680545235360e-02 -4.707616644699513797e-02 -7.394257352469156552e-02 -1.157066851301088717e-01 -1.800232019047600662e-01 -2.818990700047979692e-01 -4.456106196092364802e-01 -7.367227602953101417e-01
-1.312078181902851318e-02 -2.075823869594153881e-02 -3.183512112142582173e-02 -5.022572965117401422e-02 -7.713416440925482953e-02 -1.200779189432108901e-01 -1.882252703812076489e-01 -2.936241675899452508e-01 -4.656593107394912945e-01 -7.686518135020602438e-01
-1.373606841517136315e-02 -2.159051033432005107e-02 -3.264364068495584359e-02 -5.147655438967270458e-02 -8.057832154537802882e-02 -1.255258638750814670e-01 -1.954631188415099086e-01 -3.054726453132359243e-01 -4.855869085768809712e-01 -8.013655137403958850e-01
-1.402871601480638365e-02 -2.247198881970413967e-02 -3.366164777515932155e-02 -5.436650913402996110e-02 -8.421361709687184838e-02 -1.310552513376800621e-01 -2.035314559727609274e-01 -3.180205844153339845e-01 -5.074465357875435068e-01 -8.385060723436803531e-01
-1.492944668578898883e-02 -2.346707084756617656e-02 -3.549573281607147635e-02 -5.740981187699722987e-02 -8.882860095662020727e-02 -1.376717521677842948e-01 -2.126988773308909897e-01 -3.316896356763859854e-01 -5.281849798083593228e-01 -8.732784983918997490e-01
-1.565025553651110471e-02 -2.390951035706274236e-02 -3.884716067915989363e-02 -6.053020706568630616e-02 -9.211703357624076438e-02 -1.426623851195533699e-01 -2.218885309246710624e-01 -3.471195134909321744e-01 -5.509712462677742728e-01 -9.109739542121537692e-01
-1.638647816332037405e-02 -2.569588008679543276e-02 -4.187927260204766383e-02 -6.313648598426105374e-02 -9.685675032162259501e-02 -1.483718383985633826e-01 -2.312188782227697359e-01 -3.610705366828266816e-01 -5.744062817238327900e-01 -9.515125646972839579e-01
-1.712606830207914071e-02 -2.789493509227771242e-02 -4.357468308682001246e-02 -6.453371251834161271e-02 -9.979129818987020339e-02 -1.555514821226430533e-01 -2.406119473751152094e-01 -3.770413035407586544e-01 -5.995146462179423708e-01 -9.987267259883866322e-01
-1.783602067945541658e-02 -2.789368034481156181e-02 -4.457101434778124732e-02 -6.744978711608237698e-02 -1.041283092508269725e-01 -1.605843712342915341e-01 -2.507587604389583391e-01 -3.926506398576615764e-01 -6.261196182179589176e-01 -1.037776657305698791e+00
-1.854681762599832973e-02 -3.008388192722938684e-02 -4.527503182996272385e-02 -7.041954946778222757e-02 -1.088125472059546794e-01 -1.683258305401468813e-01 -2.614806701013870915e-01 -4.109625513877498970e-01 -6.540055054488049802e-01 -1.083621986340950638e+00
-1.945952722288833703e-02 -3.064389234949031759e-02 -4.607742799548168733e-02 -7.323654172156342235e-02 -1.135090308568292433e-01 -1.758325598977441562e-01 -2.732448211817237738e-01 -4.281775875718108471e-01 -6.818001809698766014e-01 -1.133402965492950276e+00
-2.052949975953943795e-02 -3.149492505100100898e-02 -4.760831338237540844e-02 -7.639088030172105914e-02 -1.180872402029047030e-01 -1.836357855911860404e-01 -2.863793541031693923e-01 -4.488605935018013526e-01 -7.102629408340552786e-01 -1.183278177017991428e+00
-2.136776659267168241e-02 -3.322444148101189043e-02 -5.026875555705378334e-02 -7.973497366881472648e-02 -1.237166660171825222e-01 -1.912899471348448177e-01 -2.973680432700030463e-01 -4.655933240936928064e-01 -7.431319030196336106e-01 -1.236755185163066706e+00
-2.215929987118245639e-02 -3.274008236705645836e-02 -5.322626767799101127e-02 -8.341035095965536328e-02 -1.286493632129734332e-01 -1.987425964521783162e-01 -3.093688473862080679e-01 -4.861529591345419288e-01 -7.802044046468680216e-01 -1.293195854875574424e+00
-2.304779863575934229e-02 -3.603923614233208589e-02 -5.640891300636106942e-02 -8.651256917644845057e-02 -1.347155069005323835e-01 -2.080601561499527130e-01 -3.231326253122793757e-01 -5.079025569664179507e-01 -8.103544130444835236e-01 -1.352930239102770438e+00
-2.286841002889343846e-02 -3.770748575975269024e-02 -5.870419937147317024e-02 -9.059293184446057245e-02 -1.421694363258961813e-01 -2.169431790020029394e-01 -3.376164882633673758e-01 -5.305104271534500926e-01 -8.460279118074887084e-01 -1.414865158437315973e+00
-2.538244430327504450e-02 -4.196209342915598051e-02 -6.092779879088613959e-02 -9.482084211988459077e-02 -1.460522626852535921e-01 -2.276986987820115715e-01 -3.564415102728358820e-01 -5.531510409301712006e-01 -8.814798656754982975e-01 -1.468546805326845783e+00
-2.659828913075297160e-02 -4.392063840693797433e-02 -6.486974574774560798e-02 -9.902126960588632232e-02 -1.547480602053775134e-01 -2.371361788081065014e-01 -3.692643430975323660e-01 -5.773699745403922945e-01 -9.232936868072463277e-01 -1.548924609518053108e+00
-2.770390726448108965e-02 -4.477984756601895155e-02 -6.644930989615314976e-02 -1.024372975321645729e-01 -1.596635858131255081e-01 -2.457539484119196649e-01 -3.831493974220151477e-01 -6.042033602785439328e-01 -9.664778458998439792e-01 -1.617927420270929506e+00
-2.840699976602751448e-02 -4.519843270362159521e-02 -6.976780051688222239e-02 -1.063844024067765875e-01 -1.654540564102306710e-01 -2.556031441754162414e-01 -4.006640531306869812e-01 -6.277068807715613374e-01 -1.010855574259359901e+00 -1.695192523778986216e+00
-3.034480017417898537e-02 -4.559574332758523085e-02 -7.232499940265271765e-02 -1.120952633482502625e-01 -1.731107608475567772e-01 -2.656751206361874784e-01 -4.150290207659659836e-01 -6.563865108716714358e-01 -1.053799142372062736e+00 -1.777272119215402846e+00
-3.167023403311114427e-02 -4.652072808633585244e-02 -7.535244313207489775e-02 -1.165033555091396500e-01 -1.798733665419118832e-01 -2.776867793193203426e-01 -4.338970908318945940e-01 -6.864042067664160029e-01 -1.100049387189154793e+00 -1.862017686216920431e+00
-3.292734109579659868e-02 -5.128315123880808346e-02 -7.894974370147986309e-02 -1.218871260652107102e-01 -1.902769251390266925e-01 -2.936566795858658319e-01 -4.560344440956776157e-01 -7.043425106979244177e-01 -1.152813840900142051e+00 -1.954863066203823330e+00
-3.426311140419163737e-02 -5.244798100125352275e-02 -8.277791560830348450e-02 -1.275798621609748329e-01 -1.951186442272588861e-01 -3.035679610203340095e-01 -4.731021255551685623e-01 -7.514686396763773368e-01 -1.202892893987205891e+00 -2.046476128124990801e+00
-3.561465297665607210e-02 -5.569207581374829852e-02 -8.602765541665789717e-02 -1.309065239027727146e-01 -2.036278697883230904e-01 -3.163669434106534117e-01 -4.965246803064876646e-01 -7.764947856733989129e-01 -1.258195065550201219e+00 -2.137207717585111855e+00
-3.755031914808756865e-02 -5.857307492367154478e-02 -8.870462874808596188e-02 -1.389404750461877280e-01 -2.124595481373076356e-01 -3.299133862285463792e-01 -5.140579447217208386e-01 -8.163245908279979091e-01 -1.315633965695922614e+00 -2.250233583105239799e+00
-3.933798570077440271e-02 -6.025138160304206736e-02 -9.345880809343615203e-02 -1.439501726157145500e-01 -2.238661331037299362e-01 -3.444339018432709398e-01 -5.403043133327477543e-01 -8.507244403573467340e-01 -1.376433571961588331e+00 -2.361687309344567609e+00
-4.454790797537000469e-02 -6.328310315072868675e-02 -9.823744608173862192e-02 -1.502258297898965977e-01 -2.328238386155423167e-01 -3.594401576735147263e-01 -5.613492115869957999e-01 -8.858622331196314148e-01 -1.438385365955527018e+00 -2.478294818506719732e+00
-4.524881934980282822e-02 -6.579012338441919683e-02 -1.011058844574076465e-01 -1.576135961698536814e-01 -2.414747846371847473e-01 -3.772208664151635027e-01 -5.847045067090919090e-01 -9.297274828617960729e-01 -1.499285882374454371e+00 -2.587520118648111822e+00
-4.550178486518490634e-02 -6.946977595824375962e-02 -1.051813703467428668e-01 -1.629244297120837071e-01 -2.511641866044944660e-01 -3.873369195282296285e-01 -6.160564423389024435e-01 -9.677364547568207964e-01 -1.581316022395191645e+00 -2.716511020039535929e+00
-4.562298533560666530e-02 -7.175712549697324527e-02 -1.113736771210388637e-01 -1.698243386490306539e-01 -2.628689530785042194e-01 -4.071263001369859191e-01 -6.394858681027363323e-01 -1.014362266313658889e+00 -1.649563565250859565e+00 -2.843555488500117079e+00
-4.800968887772454063e-02 -7.436927260289361019e-02 -1.158094706795791962e-01 -1.750925863128181548e-01 -2.789801821607477694e-01 -4.267371311648179288e-01 -6.646630280822245496e-01 -1.060824049857657991e+00 -1.695575158811020389e+00 -2.987225679670685086e+00
-5.068734295617343538e-02 -7.842767211305581854e-02 -1.177732533024001688e-01 -1.900597368154231526e-01 -2.806011444815577627e-01 -4.444960858473472332e-01 -6.974789813178070563e-01 -1.105528321757987431e+00 -1.804640605863509162e+00 -3.113713613746156739e+00
-5.244767278198014804e-02 -8.104853965428429619e-02 -1.280817959443534548e-01 -1.928959224799005057e-01 -2.990906744678651918e-01 -4.712656919652591370e-01 -7.276672295292765380e-01 -1.156510799462218575e+00 -1.886963868570517011e+00 -3.289493281823529625e+00
-5.492315163903412067e-02 -8.511225774904568331e-02 -1.298510172481217029e-01 -2.000949005165912342e-01 -3.092655385808238955e-01 -4.833247334413695029e-01 -7.584020629499008681e-01 -1.203795778295283059e+00 -1.974550425129284470e+00 -3.452703632605098161e+00
-5.812176843441309304e-02 -8.741692856747712570e-02 -1.351502189646278662e-01 -2.095495247855510557e-01 -3.227241620876872830e-01 -5.048826703400551841e-01 -7.916132885138144060e-01 -1.259878687179979639e+00 -2.066776950305030169e+00 -3.629557131440461770e+00
-5.963339498592355736e-02 -9.398212426345269044e-02 -1.436281981906163407e-01 -2.175578153175262985e-01 -3.363833506364726222e-01 -5.269221363451968010e-01 -8.327596882505667875e-01 -1.321310141980642339e+00 -2.159671229008860660e+00 -3.819644862584367750e+00
-6.254945136839389075e-02 -9.683930553031769306e-02 -1.472450213606689706e-01 -2.305564224684286956e-01 -3.510668960807963868e-01 -5.528671893198142673e-01 -8.616699136468088938e-01 -1.378167673424086193e+00 -2.267079312740337027e+00 -4.022713573060880954e+00
-6.485775749589622885e-02 -1.009396371318061758e-01 -1.537092125588551683e-01 -2.397645908298930983e-01 -3.693845690250076585e-01 -5.724209914688421774e-01 -8.964113397091161284e-01 -1.417743203722605205e+00 -2.373894871791459860e+00 -4.247089342926646971e+00
-6.824001713813206138e-02 -1.057145092279011961e-01 -1.605717673700464976e-01 -2.489638851705768818e-01 -3.850558953145251095e-01 -5.928652547262289740e-01 -9.392639114553940072e-01 -1.510264092205571895e+00 -2.495785698839179556e+00 -4.478169816588526864e+00
-7.156218397740474191e-02 -1.085482776523189613e-01 -1.669888926249936123e-01 -2.614268280714930892e-01 -3.994349932588917018e-01 -6.254404238065273125e-01 -9.839778383679242957e-01 -1.575673519509758869e+00 -2.605741566878689852e+00 -4.744136873290290879e+00
-7.391957116849737219e-02 -1.151279476142643143e-01 -1.738710339828920259e-01 -2.666273848723424988e-01 -4.218778068718900820e-01 -6.515821818694997880e-01 -1.026106746452670082e+00 -1.645086185278192614e+00 -2.730943060175393455e+00 -5.038812006529949983e+00
-7.739858341288263777e-02 -1.176904608300364391e-01 -1.819530371195779428e-01 -2.809940526306945463e-01 -4.368538358634257435e-01 -6.783953612989702675e-01 -1.076980627540284230e+00 -1.720786143872682139e+00 -2.870328482219407729e+00 -5.402385201229186862e+00
-8.034116532600743543e-02 -1.236520465242091221e-01 -1.913800950055374872e-01 -2.978333617209956152e-01 -4.529823790484072688e-01 -7.110878731752430237e-01 -1.120484876200806168e+00 -1.801589684071896791e+00 -3.012988933917801315e+00 -5.810138010720210744e+00
-8.444354824879971022e-02 -1.292936746921214408e-01 -1.968289443919266080e-01 -3.060995745119855505e-01 -4.763493737142130424e-01 -7.391592348418145608e-01 -1.171488733732418908e+00 -1.883493966372437267e+00 -3.171276792157326163e+00 -6.340306869168663262e+00
-8.749912225986164471e-02 -1.320683868997419297e-01 -2.057928730128819605e-01 -3.194709168761848406e-01 -4.921327601916932193e-01 -7.729683402563725103e-01 -1.223745569891211638e+00 -1.974042370472655739e+00 -3.332454846477411525e+00 -6.875391251653778291e+00
-8.967773730029007795e-02 -1.430948712144556323e-01 -2.146030549062391268e-01 -3.335783420471972738e-01 -5.172576367003565156e-01 -8.066428064324661085e-01 -1.274007357267615825e+00 -2.068568147058365891e+00 -3.505385167793668710e+00 -7.427591441715724052e+00
-9.443915157988327924e-02 -1.451315109920477409e-01 -2.256568219971346045e-01 -3.479253544743300397e-01 -5.395867072731522773e-01 -8.475993491453246431e-01 -1.335719959247535282e+00 -2.166329284994305659e+00 -3.691163157754203006e+00 -8.005703723059864885e+00
-1.007614229820461282e-01 -1.520115732189130098e-01 -2.358493913559710775e-01 -3.622243969654338480e-01 -5.634282868912645625e-01 -8.835404388072423121e-01 -1.396115718441176101e+00 -2.272559181900417613e+00 -3.895008031357440892e+00 -8.543000398121465722e+00
-1.032942250948321594e-01 -1.602493792992993327e-01 -2.458291489029673926e-01 -3.789693813315724302e-01 -5.883657420768426682e-01 -9.197407000758393014e-01 -1.460814532819211697e+00 -2.379984957760486797e+00 -4.118012478617314009e+00 -9.146161520942973411e+00
-1.062284935234505123e-01 -1.660157600028793756e-01 -2.540504373788833314e-01 -3.919670318303818402e-01 -6.141381379935606510e-01 -9.559076770138202894e-01 -1.526937529854212716e+00 -2.497558011630888863e+00 -4.357594342590470404e+00 -9.721377646512943116e+00
-1.127651326172784407e-01 -1.738044477958872736e-01 -2.660943347478040288e-01 -4.077117497415860825e-01 -6.459559151416834899e-01 -1.005837468587295058e+00 -1.600392904450727904e+00 -2.602211730031168457e+00 -4.622104535262941738e+00 -1.030878500576223900e+01
-1.177609349868082855e-01 -1.797153986647073709e-01 -2.752190504731745757e-01 -4.309313468133652014e-01 -6.697088917593665425e-01 -1.046397450149520791e+00 -1.673480116977492216e+00 -2.754665745722996828e+00 -4.931273357029825277e+00 -1.071513169846164359e+01
-1.206865184612962855e-01 -1.914597269303249527e-01 -2.950729528168107296e-01 -4.472082697042799593e-01 -6.978378567346698036e-01 -1.104329038520185380e+00 -1.750858320515613409e+00 -2.892757813256295218e+00 -5.288231682287190871e+00 -1.150266572845714741e+01
-1.294235608197468745e-01 -1.966523492562222974e-01 -3.037823159610479884e-01 -4.755169735012743093e-01 -7.276338363444628810e-01 -1.146095599210196436e+00 -1.833241578394747107e+00 -3.039020258137605790e+00 -5.768792448392596306e+00 -1.207730311787892141e+01
-1.322762048215409825e-01 -2.036737700596487899e-01 -3.152113797476542301e-01 -4.858404888808605104e-01 -7.606956557982322842e-01 -1.197521516596442126e+00 -1.922971223243021610e+00 -3.191455008552257055e+00 -6.277783646020399289e+00 -1.269377655817923056e+01
-1.381741163663763872e-01 -2.117002579336167423e-01 -3.248244208256896304e-01 -5.097989724277972590e-01 -7.932332397837983384e-01 -1.256160637000117264e+00 -2.010458442932033130e+00 -3.366297931751798256e+00 -6.806083659513278761e+00 -1.329034014577758072e+01
-1.446896112497355613e-01 -2.199440056108051267e-01 -3.469007490525444770e-01 -5.312155337787903830e-01 -8.287646653464574298e-01 -1.304168105869407679e+00 -2.107991120256992978e+00 -3.550619772477423552e+00 -7.339691666817482307e+00 -1.387838874428356029e+01
-1.505946872975856832e-01 -2.348855812523188424e-01 -3.566718380945066436e-01 -5.680251490877812337e-01 -8.800918557587592561e-01 -1.368432446548379477e+00 -2.211623694725939338e+00 -3.746750301430711527e+00 -7.897445799655479881e+00 -1.449175588102094103e+01
-1.592053512437627827e-01 -2.471814132151864962e-01 -3.768611528441966341e-01 -5.820047692030099196e-01 -9.071479931987938006e-01 -1.436109000399380831e+00 -2.319695383752102380e+00 -3.958276339616572770e+00 -8.453524492998434781e+00 -1.497324939328010451e+01
-1.661861717929114246e-01 -2.533979279591959677e-01 -3.912894512082963905e-01 -6.058397256392877850e-01 -9.449611240960210656e-01 -1.509755101812154443e+00 -2.430325591625119852e+00 -4.187656035057694126e+00 -9.025959247409405251e+00 -1.565753447950948640e+01
-1.710654314532504827e-01 -2.663773738015106640e-01 -4.062844113119622458e-01 -6.338007593918829619e-01 -9.919709599582764437e-01 -1.570404823305246556e+00 -2.557689744051077074e+00 -4.447304844017605063e+00 -9.537009706939072018e+00 -1.622167396193089317e+01
-1.763571644149735107e-01 -2.822504913034424856e-01 -4.293136633446457129e-01 -6.621955885753103566e-01 -1.035705203148385989e+00 -1.648897465144462782e+00 -2.695764189999725780e+00 -4.728828072438060914e+00 -1.015533096640100474e+01 -1.677555688091948838e+01
-1.914461054332392276e-01 -2.897546993009314509e-01 -4.396449000129468709e-01 -6.899139302119828843e-01 -1.082013623659808577e+00 -1.718950756024499205e+00 -2.822279583039521533e+00 -5.060230697408266032e+00 -1.074811141999676778e+01 -1.740605211375116923e+01
-1.955618546967639870e-01 -3.021049365348618121e-01 -4.676502934614144014e-01 -7.208984410017710287e-01 -1.134423318494641286e+00 -1.803939696743815935e+00 -2.970610216425319638e+00 -5.508489351921239674e+00 -1.132183767876881753e+01 -1.809440314860189503e+01
-2.014937509476851518e-01 -3.121138723006550153e-01 -4.840888405532409733e-01 -7.537649425405849035e-01 -1.187846204316369558e+00 -1.888188516316054333e+00 -3.126999277317258574e+00 -6.015507033525623548e+00 -1.182095159859592925e+01 -1.847812993224992795e+01
-2.118018197406066061e-01 -3.250342481481763857e-01 -5.085285231922891391e-01 -7.859013845070714765e-01 -1.236810588845193681e+00 -1.981623693208035553e+00 -3.289513125970992657e+00 -6.525537062342154471e+00 -1.246293847207479466e+01 -1.912883544572828853e+01
-2.198349905651653668e-01 -3.408453291664488294e-01 -5.287452863555196503e-01 -8.237025189698847782e-01 -1.314497963555567583e+00 -2.077411786635754876e+00 -3.469654653385450427e+00 -7.055002578673690294e+00 -1.304511982769083112e+01 -1.968891110905217445e+01
-2.341390166665857642e-01 -3.549964997004756428e-01 -5.527679683087372009e-01 -8.772065947414253717e-01 -1.354523872076244029e+00 -2.183149077277223071e+00 -3.662514151661529826e+00 -7.613650078476159599e+00 -1.363048491713779420e+01 -2.025394694959540942e+01
-2.409967694662348558e-01 -3.715375312151060205e-01 -5.762408995257860544e-01 -8.978392817557330208e-01 -1.416814718864497724e+00 -2.284452967945985513e+00 -3.869701771748245811e+00 -8.150507264113839412e+00 -1.420821885034811594e+01 -2.086095215497794797e+01
-2.524278922274494352e-01 -3.893955559990274762e-01 -6.025630364204015432e-01 -9.421069339076840743e-01 -1.487355200374280706e+00 -2.396939921468923540e+00 -4.099054359018707849e+00 -8.731166275988899272e+00 -1.480019885355020115e+01 -2.141961480218554925e+01
-2.665190202307452516e-01 -4.049126645803732272e-01 -6.298765151326285450e-01 -9.648188626811103896e-01 -1.551552151134008461e+00 -2.518856072527006607e+00 -4.342601342838575462e+00 -9.261045100508805916e+00 -1.536587683541259786e+01 -2.191594738034197576e+01
-2.823894853797265236e-01 -4.285857493528454354e-01 -6.578104210503682436e-01 -1.026041744806350797e+00 -1.625488851424712333e+00 -2.645865418650045431e+00 -4.623162910569343254e+00 -9.846914029897421372e+00 -1.594052025443017406e+01 -2.252592575019315291e+01
-2.862376994003898445e-01 -4.409360399747462855e-01 -6.855109922863682481e-01 -1.076529409708801843e+00 -1.703749049693425999e+00 -2.777908362274143172e+00 -4.945761429513444440e+00 -1.042924781691586844e+01 -1.648634448164199284e+01 -2.312462418298850508e+01
-3.008719387624713693e-01 -4.655682365974884718e-01 -7.209995481399519290e-01 -1.126775450177676108e+00 -1.788565882793793582e+00 -2.927129407915101122e+00 -5.379910440585902620e+00 -1.097826088258794108e+01 -1.707788910425586693e+01 -2.375245133092102279e+01
-3.136956392043821484e-01 -4.822582176508752871e-01 -7.533935199547561190e-01 -1.175676586509502020e+00 -1.871836407809473357e+00 -3.083370031750759299e+00 -5.861472463888314444e+00 -1.155126426295100295e+01 -1.767216546909246944e+01 -2.422453982524444882e+01
-3.250065306290130795e-01 -5.068354998506640063e-01 -7.835589181730731045e-01 -1.228544596747632500e+00 -1.962452009976322520e+00 -3.247769543043282692e+00 -6.382095033804935369e+00 -1.212682828066669671e+01 -1.820035452484628635e+01 -2.481538480300450900e+01
-3.396995491453089766e-01 -5.279085090410264858e-01 -8.200996396359858664e-01 -1.284916113394113824e+00 -2.059219970176568548e+00 -3.428528638178155674e+00 -6.914757607271864615e+00 -1.262387937597699761e+01 -1.863689229924838386e+01 -2.538048384299291271e+01
-3.541680924877832481e-01 -5.472331713642873963e-01 -8.583176881469163355e-01 -1.342979524178870010e+00 -2.158669982037621615e+00 -3.611809983025819459e+00 -7.450331614051163065e+00 -1.325946223036657123e+01 -1.933401825581993450e+01 -2.595607254623108062e+01
-3.701553542742912484e-01 -5.697857647773554302e-01 -8.955222989633825348e-01 -1.408578812660110202e+00 -2.266761164219491587e+00 -3.808809799774393046e+00 -7.956264746693452850e+00 -1.385321393001070156e+01 -1.990513535509855458e+01 -2.646235023423124488e+01
-3.895165984996150632e-01 -6.006878497856587007e-01 -9.378534290996728418e-01 -1.476602306832980327e+00 -2.379488144691186857e+00 -4.045008357161059998e+00 -8.556056603349871281e+00 -1.434989072396797738e+01 -2.043654057769055754e+01 -2.712148339959387044e+01
-4.041180129009989130e-01 -6.271544525656654878e-01 -9.651322148246460619e-01 -1.542366802519174129e+00 -2.500551307415516789e+00 -4.293067900841486484e+00 -9.096579240609164785e+00 -1.501292157590947873e+01 -2.117474031777139842e+01 -2.758762622791892483e+01
-4.287030546876063886e-01 -6.567541709162479924e-01 -1.023757636777848923e+00 -1.615064952704783341e+00 -2.628820681294417483e+00 -4.569318614750106811e+00 -9.654661234544043680e+00 -1.556488418804610419e+01 -2.150690489668996719e+01 -2.823625096063712547e+01
-4.410515820179712887e-01 -6.844921561524178744e-01 -1.072206315717188385e+00 -1.698115814664435730e+00 -2.761643021167728751e+00 -4.886652798262747233e+00 -1.024636603661590328e+01 -1.612878066422656786e+01 -2.202978659012403284e+01 -2.883420510591186314e+01
